1.12509355E-4 0.0
1037.9996 0.0
0.7381918 0.0
1169.144 0.0
0.4058365 0.0
1090.2343 0.0
2.230364 0.0
837.932 0.0
1.6903878 0.0
204.72586 0.0
1.5560107 0.0
840.97144 0.0
1.5227859 0.0
1046.6086 0.0
8.958184 0.0
1070.0283 0.0
1.9325846 0.0
383.67838 0.0
5.479057 0.0
383.97787 0.0
10.788568 0.0
1283.532 0.0
1.3629702 0.0
385.71594 0.0
4.8080792 0.0
810.30585 0.0
1.5072325 0.0
507.8352 0.0
2.5537515 0.0
645.80255 0.0
6.3774524 0.0
1166.625 0.0
10.983709 0.0
136.60231 0.0
13.235519 0.0
1356.548 0.0
9.598215 0.0
2097.1973 0.0
40.259308 0.0
1820.0536 0.0
26.617903 0.0
2023.1923 0.0
15.749077 0.0
1015.12244 0.0
24.18108 0.0
854.5112 0.0
43.155945 0.0
1393.9779 0.0
30.99068 0.0
3467.642 0.0
45.828373 0.0
69.33023 0.0
14.508205 0.0
831.3944 0.0
39.38375 0.0
1905.6635 0.0
78.44888 0.0
2232.799 0.0
111.16802 0.0
4946.3154 0.0
109.73367 0.0
6918.943 0.0
292.0437 0.0
29272.674 0.0
55158.96 0.0
21375.299 0.0
334.7287 0.0
14428.377 0.0
58.96419 0.0
5932.7397 0.0
62.93302 0.0
7474.25 0.0
205.02888 0.0
3355.984 0.0
39.816265 0.0
2327.9365 0.0
58.790836 0.0
1841.7812 0.0
55.93841 0.0
1119.2341 0.0
27.94341 0.0
1301.3711 0.0
46.036526 0.0
869.3771 0.0
12.085535 0.0
403.16226 0.0
13.253037 0.0
460.7091 0.0
28.77138 0.0
1088.9203 0.0
16.634066 0.0
625.01996 0.0
36.97453 0.0
675.8126 0.0
14.009955 0.0
330.3914 0.0
13.137799 0.0
660.83734 0.0
20.998598 0.0
290.00555 0.0
4.460056 0.0
389.43253 0.0
18.305939 0.0
47.183334 0.0
19.406971 0.0
592.16614 0.0
30.485353 0.0
682.5864 0.0
16.392256 0.0
159.78305 0.0
12.79724 0.0
290.8937 0.0
7.588535 0.0
138.53403 0.0
2.1611984 0.0
124.55208 0.0
10.821358 0.0
437.64142 0.0
30.031282 0.0
575.5841 0.0
12.664639 0.0
168.48347 0.0
9.357991 0.0
94.91554 0.0
7.3953047 0.0
245.67764 0.0
7.0966425 0.0
119.72789 0.0
2.3176303 0.0
10.204958 0.0
7.392802 0.0
276.3074 0.0
9.141384 0.0
152.14682 0.0
9.613491 0.0
81.14972 0.0
8.292086 0.0
200.65063 0.0
13.73902 0.0
223.06317 0.0
4.017179 0.0
199.74867 0.0
12.3779745 0.0
89.637886 0.0
2.087838 0.0
35.870518 0.0
8.935496 0.0
174.89398 0.0
5.2285733 0.0
32.26282 0.0
1.0232998 0.0
16.019281 0.0
2.683297 0.0
51.134724 0.0
1.4850706 0.0
45.400124 0.0
4.6502614 0.0
198.64291 0.0
11.245457 0.0
71.380226 0.0
2.1847382 0.0
101.268776 0.0
5.7660503 0.0
94.56521 0.0
6.66294 0.0
24.408468 0.0
8.575977 0.0
83.60843 0.0
2.7032087 0.0
37.49951 0.0
3.2325108 0.0
49.208817 0.0
2.2997031 0.0
77.27327 0.0
1.6485058 0.0
66.90835 0.0
5.7079177 0.0
40.542862 0.0
0.7972795 0.0
9.606728 0.0
0.980079 0.0
9.843363 0.0
0.081402905 0.0
9.903937 0.0
0.4626026 0.0
30.088488 0.0
3.4388075 0.0
125.9767 0.0
11.657565 0.0
150.43617 0.0
27.886904 0.0
826.3659 0.0
701.12714 0.0
577.3136 0.0
19.625837 0.0
133.68831 0.0
14.992174 0.0
242.59926 0.0
13.977172 0.0
148.93324 0.0
6.0826144 0.0
87.62027 0.0
3.912944 0.0
78.31737 0.0
7.9352946 0.0
67.48414 0.0
7.258853 0.0
62.86472 0.0
2.6482275 0.0
39.36363 0.0
4.3381 0.0
58.10369 0.0
0.5415976 0.0
81.17332 0.0
8.822119 0.0
93.04116 0.0
8.766029 0.0
133.70308 0.0
12.517662 0.0
77.86775 0.0
3.5027018 0.0
87.305405 0.0
6.20968 0.0
38.64157 0.0
3.0580952 0.0
57.702293 0.0
6.391449 0.0
53.51554 0.0
1.3943807 0.0
40.58217 0.0
3.0318887 0.0
74.030945 0.0
5.090191 0.0
21.363531 0.0
6.0461507 0.0
38.122963 0.0
1.7093171 0.0
26.803577 0.0
0.23500334 0.0
13.838063 0.0
2.1535184 0.0
42.81951 0.0
5.600341 0.0
64.08821 0.0
4.1169705 0.0
39.305977 0.0
4.0510793 0.0
18.676855 0.0
4.026197 0.0
34.06047 0.0
3.3400657 0.0
37.467228 0.0
4.6616197 0.0
30.943295 0.0
1.670388 0.0
31.10024 0.0
2.1325867 0.0
41.140953 0.0
4.07927 0.0
31.238918 0.0
0.6269868 0.0
28.835644 0.0
1.8062464 0.0
11.992765 0.0
2.1130219 0.0
7.578921 0.0
1.3921899 0.0
41.29026 0.0
5.0531497 0.0
27.945608 0.0
1.5060567 0.0
3.9737346 0.0
2.4699771 0.0
14.958164 0.0
1.991871 0.0
30.584814 0.0
3.1212902 0.0
40.387844 0.0
4.1285553 0.0
31.095327 0.0
3.2318485 0.0
24.964596 0.0
1.4721311 0.0
8.153657 0.0
1.0546638 0.0
23.123182 0.0
1.9448147 0.0
5.463338 0.0
2.3045795 0.0
19.90095 0.0
2.107016 0.0
26.63991 0.0
2.414658 0.0
17.068195 0.0
3.124203 0.0
25.975967 0.0
2.0687704 0.0
15.88553 0.0
1.0632201 0.0
3.2131646 0.0
0.5998869 0.0
4.653889 0.0
0.3502528 0.0
1.5293932 0.0
0.49074155 0.0
7.4258285 0.0
0.7077466 0.0
1.9154671 0.0
0.20258264 0.0
0.60472226 0.0
0.07871831 0.0
0.27720606 0.0
0.5399681 0.0
7.312686 0.0
0.7874842 0.0
30.433567 0.0
4.0511713 0.0
27.648134 0.0
9.219961 0.0
132.6203 0.0
343.76956 0.0
237.49567 0.0
13.359556 0.0
44.871086 0.0
7.4646883 0.0
71.80601 0.0
6.792386 0.0
42.709503 0.0
6.035895 0.0
36.827984 0.0
1.2679741 0.0
23.959295 0.0
4.9213667 0.0
33.71756 0.0
2.6745837 0.0
3.3979425 0.0
1.8935027 0.0
25.77923 0.0
4.5581465 0.0
18.947737 0.0
2.9450583 0.0
33.69848 0.0
1.9548095 0.0
7.0502076 0.0
0.11244065 0.0
16.413614 0.0
2.4672272 0.0
13.100512 0.0
1.2908137 0.0
4.1004543 0.0
1.5806762 0.0
11.637422 0.0
1.4469212 0.0
9.020373 0.0
1.4961276 0.0
10.200567 0.0
0.57191503 0.0
14.816499 0.0
1.7717241 0.0
2.750567 0.0
0.70234627 0.0
3.3942857 0.0
0.82991743 0.0
11.034655 0.0
1.8599397 0.0
15.532169 0.0
1.5901546 0.0
13.591946 0.0
4.412375 0.0
22.335678 0.0
2.443902 0.0
31.395205 0.0
2.9071894 0.0
9.710257 0.0
2.5698173 0.0
11.376938 0.0
1.6885977 0.0
15.837523 0.0
1.1576358 0.0
2.3578851 0.0
1.8284123 0.0
19.467438 0.0
1.8689258 0.0
9.658448 0.0
1.2702008 0.0
3.364625 0.0
1.3432285 0.0
4.9710755 0.0
0.9168561 0.0
11.944422 0.0
2.7667234 0.0
23.322193 0.0
1.6394149 0.0
7.994413 0.0
1.6408514 0.0
3.2641068 0.0
0.8634765 0.0
11.933577 0.0
1.5889896 0.0
1.2615372 0.0
0.6939675 0.0
8.028731 0.0
2.3510153 0.0
4.160134 0.0
2.1028247 0.0
12.359148 0.0
0.7265369 0.0
7.347575 0.0
0.8061189 0.0
12.923404 0.0
1.883149 0.0
10.267655 0.0
0.21007384 0.0
8.383344 0.0
0.965968 0.0
10.9824295 0.0
2.652553 0.0
10.916884 0.0
0.5409886 0.0
3.4602058 0.0
1.5039645 0.0
10.532601 0.0
0.6306874 0.0
6.3377976 0.0
1.3162273 0.0
1.539463 0.0
1.1513813 0.0
9.014374 0.0
0.9867026 0.0
4.231254 0.0
0.5413613 0.0
4.9063644 0.0
1.1884536 0.0
7.081956 0.0
1.3841996 0.0
4.9172983 0.0
0.9717189 0.0
4.7036333 0.0
0.32324615 0.0
3.0748448 0.0
0.34674725 0.0
3.9418979 0.0
0.214019 0.0
0.018484026 0.0
0.10015334 0.0
3.2109296 0.0
0.35698366 0.0
41.166992 0.0
77.55927 0.0
53.105003 0.0
6.6107078 0.0
18.20025 0.0
2.8666117 0.0
28.76511 0.0
5.3343415 0.0
13.406628 0.0
1.9699392 0.0
20.338844 0.0
2.9127622 0.0
2.089108 0.0
2.4313166 0.0
6.9035425 0.0
1.7611992 0.0
12.42769 0.0
1.0385909 0.0
3.4430385 0.0
1.1189294 0.0
3.3466177 0.0
1.5345229 0.0
8.430499 0.0
0.28414497 0.0
6.6494937 0.0
1.230438 0.0
3.7719188 0.0
1.4641743 0.0
5.458462 0.0
0.4549994 0.0
7.051961 0.0
1.5495324 0.0
8.401493 0.0
0.7667965 0.0
3.20457 0.0
1.348911 0.0
6.0260305 0.0
1.605737 0.0
11.948752 0.0
1.6421293 0.0
2.5311735 0.0
0.7897169 0.0
5.7086153 0.0
0.59568506 0.0
4.80976 0.0
1.7234387 0.0
7.7902975 0.0
0.55896235 0.0
3.6244988 0.0
0.89958763 0.0
8.993518 0.0
1.5223424 0.0
3.8809948 0.0
1.1112204 0.0
4.225207 0.0
0.20453951 0.0
1.3398104 0.0
0.9978138 0.0
6.6344423 0.0
0.4997866 0.0
5.7896194 0.0
1.7378465 0.0
4.216629 0.0
1.209842 0.0
9.559345 0.0
0.78134143 0.0
5.051147 0.0
1.0419732 0.0
1.7544774 0.0
1.0827419 0.0
1.3491462 0.0
0.89774185 0.0
4.512315 0.0
0.69033 0.0
2.1786923 0.0
0.4371616 0.0
1.4183924 0.0
0.28481668 0.0
2.8145747 0.0
0.7680296 0.0
2.3135495 0.0
0.5037472 0.0
3.458097 0.0
0.23940417 0.0
1.0553688 0.0
0.3610392 0.0
1.707055 0.0
0.524156 0.0
4.3232145 0.0
0.71748686 0.0
3.41761 0.0
0.99677646 0.0
2.0486352 0.0
0.6893581 0.0
4.0590796 0.0
0.5356124 0.0
3.3186095 0.0
0.37202656 0.0
2.0737882 0.0
0.641916 0.0
2.0359259 0.0
0.07218115 0.0
1.6300143 0.0
0.2063145 0.0
0.76586384 0.0
0.20906986 0.0
2.0808895 0.0
0.8729435 0.0
4.8135185 0.0
0.5777659 0.0
1.5658479 0.0
0.5077724 0.0
1.0586662 0.0
0.49549532 0.0
1.8276674 0.0
0.10053539 0.0
1.2007327 0.0
0.23567496 0.0
0.81428725 0.0
0.27998504 0.0
0.8963653 0.0
0.03739891 0.0
0.4264333 0.0
0.2054162 0.0
0.83325887 0.0
0.85809994 0.0
5.160446 0.0
2.5153873 0.0
24.671253 0.0
24.812859 0.0
32.331078 0.0
3.5820508 0.0
4.448679 0.0
3.1562486 0.0
9.913982 0.0
0.7081225 0.0
6.5576987 0.0
1.5969356 0.0
4.8482394 0.0
0.5700248 0.0
6.1312175 0.0
1.0062642 0.0
4.140595 0.0
1.3476921 0.0
4.3431454 0.0
0.3985173 0.0
4.0218225 0.0
0.6642686 0.0
3.255366 0.0
1.2448484 0.0
2.9751916 0.0
1.882087 0.0
6.752936 0.0
0.23861091 0.0
3.7342582 0.0
0.9863879 0.0
2.6503084 0.0
0.46782878 0.0
1.0545325 0.0
0.86701655 0.0
4.6880693 0.0
0.1436477 0.0
3.2433684 0.0
0.65008163 0.0
3.7139502 0.0
0.800329 0.0
2.3506982 0.0
0.989799 0.0
3.5268674 0.0
0.21880868 0.0
2.7629797 0.0
1.2324504 0.0
3.9275727 0.0
0.26324517 0.0
4.306077 0.0
0.9495642 0.0
1.5142343 0.0
0.6568474 0.0
4.8295245 0.0
0.90817213 0.0
0.26191586 0.0
0.5611556 0.0
1.9968017 0.0
0.38768077 0.0
2.100125 0.0
1.2650342 0.0
3.959402 0.0
0.30705592 0.0
1.4794 0.0
0.8483251 0.0
1.4970465 0.0
0.52173007 0.0
1.5100433 0.0
1.0608954 0.0
5.473243 0.0
0.45972148 0.0
1.7947471 0.0
0.26462796 0.0
2.392635 0.0
0.7506458 0.0
5.3098755 0.0
0.9829385 0.0
2.1276627 0.0
0.7575564 0.0
1.0986049 0.0
0.32245597 0.0
0.55396044 0.0
0.46285743 0.0
1.0440896 0.0
0.40500665 0.0
3.293316 0.0
0.9277095 0.0
2.401298 0.0
0.26544857 0.0
1.6847142 0.0
0.30202153 0.0
0.546165 0.0
0.3755772 0.0
1.2422613 0.0
0.5719858 0.0
1.838213 0.0
0.023029914 0.0
1.0996335 0.0
0.2543891 0.0
0.69930696 0.0
0.24245098 0.0
0.992847 0.0
0.067768194 0.0
1.4972804 0.0
0.7990596 0.0
3.098913 0.0
0.26940927 0.0
1.2680118 0.0
0.4936871 0.0
2.7556534 0.0
0.5978005 0.0
1.9626561 0.0
0.2797585 0.0
1.471905 0.0
0.6304333 0.0
1.3102095 0.0
0.059257306 0.0
0.56467575 0.0
0.10528842 0.0
0.40556777 0.0
0.07571017 0.0
0.0015434044 0.0
0.049575936 0.0
0.65698457 0.0
0.21262783 0.0
0.70537573 0.0
0.69745564 0.0
5.316049 0.0
1.3587663 0.0
4.5337777 0.0
0.6828454 0.0
15.529717 0.0
27.366169 0.0
24.151453 0.0
3.9403317 0.0
9.808864 0.0
3.0288107 0.0
8.443896 0.0
1.2247754 0.0
6.4698377 0.0
1.4187778 0.0
2.6519878 0.0
0.9916978 0.0
6.373051 0.0
2.0058062 0.0
7.0288377 0.0
1.2264608 0.0
2.0183916 0.0
1.3355087 0.0
2.5348148 0.0
0.23689583 0.0
1.6181399 0.0
0.7049363 0.0
1.7903242 0.0
0.24270652 0.0
0.8573026 0.0
0.12307274 0.0
0.86311275 0.0
0.43760574 0.0
0.50729066 0.0
0.26882982 0.0
0.46877772 0.0
0.65467596 0.0
3.5928926 0.0
0.6872842 0.0
1.7660029 0.0
0.30937394 0.0
4.1741514 0.0
1.0725744 0.0
0.6121445 0.0
0.6205904 0.0
1.0958725 0.0
0.6366622 0.0
2.39249 0.0
0.90684944 0.0
0.9567214 0.0
0.77920717 0.0
1.8203837 0.0
0.6217558 0.0
2.2754738 0.0
0.3388605 0.0
3.5902324 0.0
0.95938283 0.0
2.9309626 0.0
0.37758422 0.0
0.9932628 0.0
0.23852102 0.0
2.577162 0.0
0.34003147 0.0
3.4524162 0.0
1.6785669 0.0
3.5227845 0.0
0.6735972 0.0
1.4312991 0.0
0.2160132 0.0
1.1893572 0.0
0.968105 0.0
2.2938583 0.0
0.26807153 0.0
2.6749043 0.0
0.529438 0.0
0.6954041 0.0
0.6838514 0.0
2.4630733 0.0
0.4562822 0.0
1.0336411 0.0
0.31588426 0.0
1.2001339 0.0
0.4152588 0.0
1.6262194 0.0
0.75775087 0.0
1.19954 0.0
0.30366844 0.0
0.73796165 0.0
0.41014785 0.0
1.5997227 0.0
0.29964215 0.0
1.3419299 0.0
0.5033197 0.0
0.8544897 0.0
0.35691273 0.0
1.6802789 0.0
0.31651956 0.0
0.28792804 0.0
0.23464763 0.0
1.6086816 0.0
0.5229697 0.0
0.81069833 0.0
0.18843085 0.0
2.0648856 0.0
0.8769463 0.0
1.5446182 0.0
0.24967653 0.0
1.7346092 0.0
0.40065235 0.0
1.226146 0.0
0.40581602 0.0
1.3816595 0.0
0.33977738 0.0
0.9261806 0.0
0.2563728 0.0
0.60272837 0.0
0.47742817 0.0
1.0855199 0.0
0.015765818 0.0
0.46314237 0.0
0.27433416 0.0
1.1271775 0.0
0.2894249 0.0
0.60048956 0.0
0.10431664 0.0
0.33029535 0.0
0.062478 0.0
0.019005433 0.0
0.16398568 0.0
1.4609529 0.0
0.3402568 0.0
1.4792994 0.0
1.5205147 0.0
14.309976 0.0
11.839354 0.0
3.6967247 0.0
0.71823335 0.0
4.551366 0.0
1.1709008 0.0
1.6265695 0.0
1.2141864 0.0
2.9973693 0.0
1.0147216 0.0
2.2528503 0.0
0.16149716 0.0
2.9164054 0.0
1.1040801 0.0
1.654355 0.0
0.460735 0.0
1.5787456 0.0
0.43654555 0.0
2.5529866 0.0
0.6987037 0.0
0.7569618 0.0
0.6970778 0.0
1.8015584 0.0
0.29658455 0.0
0.8279954 0.0
0.31723914 0.0
1.2279997 0.0
0.4366737 0.0
0.6596763 0.0
0.72125655 0.0
2.307758 0.0
0.3635234 0.0
0.98146737 0.0
0.2060964 0.0
0.36383092 0.0
0.2709881 0.0
0.8322546 0.0
0.1110317 0.0
0.54014295 0.0
0.18272004 0.0
0.39519656 0.0
0.19045362 0.0
0.74766725 0.0
0.11059018 0.0
0.9426284 0.0
0.4256451 0.0
0.52981085 0.0
0.17915624 0.0
1.1019888 0.0
0.737126 0.0
1.6365837 0.0
0.116322815 0.0
1.4794947 0.0
0.24814382 0.0
0.5927376 0.0
0.29482922 0.0
2.0671349 0.0
0.6025707 0.0
0.10392669 0.0
0.24755035 0.0
0.733237 0.0
0.59034216 0.0
1.1702296 0.0
0.08912073 0.0
0.7105513 0.0
0.24840674 0.0
0.7749363 0.0
0.29203358 0.0
0.5792368 0.0
0.2151592 0.0
0.56752115 0.0
0.32904184 0.0
0.31354523 0.0
0.67905915 0.0
1.9737881 0.0
0.21292086 0.0
1.5421205 0.0
0.6156218 0.0
1.1460972 0.0
0.19565828 0.0
1.2943636 0.0
0.6324879 0.0
1.0391319 0.0
0.20353831 0.0
0.54728717 0.0
0.06389815 0.0
0.20681654 0.0
0.030095443 0.0
0.7665277 0.0
0.35337207 0.0
0.56854427 0.0
0.3193797 0.0
1.267207 0.0
0.48211193 0.0
0.5771175 0.0
0.1424086 0.0
0.4943029 0.0
0.040210776 0.0
0.55458087 0.0
0.29969698 0.0
0.9257529 0.0
0.2122017 0.0
0.13244294 0.0
0.23074079 0.0
0.6905694 0.0
0.2557811 0.0
0.56712085 0.0
0.10567033 0.0
0.077098586 0.0
0.07320712 0.0
0.17795436 0.0
0.028325161 0.0
0.020043354 0.0
0.00857649 0.0
0.087953724 0.0
0.09145129 0.0
0.3527785 0.0
0.039512806 0.0
0.41595715 0.0
0.20250112 0.0
0.647468 0.0
0.5921329 0.0
2.2654843 0.0
0.6697024 0.0
3.1255224 0.0
2.9006586 0.0
9.491106 0.0
5.4327974 0.0
20.805967 0.0
12.255049 0.0
7.6682286 0.0
5.437146 0.0
13.992565 0.0
2.2976038 0.0
3.0390356 0.0
1.1431912 0.0
0.9478663 0.0
0.69597685 0.0
1.4580505 0.0
0.4503101 0.0
3.1260073 0.0
1.9522737 0.0
4.699782 0.0
1.2154726 0.0
2.2370622 0.0
0.6570793 0.0
1.790993 0.0
1.3986461 0.0
3.6485424 0.0
0.68744916 0.0
1.0745652 0.0
0.5118325 0.0
1.2813686 0.0
0.60170656 0.0
1.4318373 0.0
0.5960856 0.0
1.4488494 0.0
1.0243648 0.0
2.6013381 0.0
0.4302613 0.0
0.30980417 0.0
0.43015993 0.0
1.9364086 0.0
0.77683204 0.0
2.0196464 0.0
0.9194647 0.0
1.703167 0.0
0.5094497 0.0
1.3619791 0.0
0.3707194 0.0
0.592872 0.0
0.43060827 0.0
1.6003393 0.0
0.5874339 0.0
1.0422733 0.0
0.5691248 0.0
1.8182153 0.0
0.3754757 0.0
1.6150209 0.0
1.4822643 0.0
4.0422707 0.0
1.2150128 0.0
1.408365 0.0
0.23872805 0.0
0.8548844 0.0
0.33536094 0.0
1.7790647 0.0
1.194577 0.0
2.8710935 0.0
0.82439095 0.0
1.2927651 0.0
0.2973015 0.0
1.2283131 0.0
0.52216935 0.0
0.079479285 0.0
0.5717951 0.0
1.3971413 0.0
0.34425429 0.0
1.3608326 0.0
0.8940465 0.0
1.884407 0.0
0.206817 0.0
0.5977574 0.0
0.17392237 0.0
0.3142803 0.0
0.47491997 0.0
1.7931132 0.0
0.4802794 0.0
0.1502719 0.0
0.19642118 0.0
1.0856367 0.0
0.38328457 0.0
0.22605973 0.0
0.27636003 0.0
0.040147334 0.0
0.2033593 0.0
0.47096506 0.0
0.4716995 0.0
0.77427435 0.0
0.22287764 0.0
1.4762747 0.0
0.44472304 0.0
1.3956842 0.0
0.78513384 0.0
0.3105756 0.0
0.5927064 0.0
1.1900147 0.0
0.22811623 0.0
0.9637214 0.0
1.0351298 0.0
3.2401493 0.0
0.83203137 0.0
0.24092184 0.0
0.6666695 0.0
1.8155413 0.0
0.7173854 0.0
1.3151993 0.0
0.50790846 0.0
1.4998149 0.0
0.6379482 0.0
1.0070343 0.0
0.20057969 0.0
1.0139467 0.0
0.809721 0.0
1.7390317 0.0
0.47336218 0.0
0.71072507 0.0
0.03032768 0.0
0.63241667 0.0
0.5444048 0.0
1.742458 0.0
0.31212953 0.0
1.8703731 0.0
1.9645662 0.0
6.390404 0.0
3.5993412 0.0
8.951748 0.0
16.634943 0.0
6.7957525 0.0
2.3607416 0.0
2.90344 0.0
1.124265 0.0
1.1924396 0.0
0.9184058 0.0
3.1961446 0.0
0.6603818 0.0
1.1087339 0.0
0.5376534 0.0
0.47235796 0.0
0.25487444 0.0
0.35539007 0.0
0.05529497 0.0
0.05329439 0.0
0.005345725 0.0
0.031458527 0.0
0.022475434 0.0
0.037896745 0.0
0.015909938 0.0
8.34232E-4 0.0
0.005854049 0.0
0.046152186 0.0
0.03269343 0.0
0.051621012 0.0
0.02530142 0.0
0.122326426 0.0
0.10580674 0.0
0.3060409 0.0
0.10614982 0.0
0.090192765 0.0
0.013141252 0.0
0.1591225 0.0
0.05433267 0.0
0.16206366 0.0
0.138535 0.0
0.2474279 0.0
0.08056992 0.0
0.26941752 0.0
0.13003035 0.0
0.13788763 0.0
0.23546901 0.0
0.3026513 0.0
0.12871994 0.0
0.298794 0.0
0.09577518 0.0
0.41619247 0.0
0.17628866 0.0
0.5593962 0.0
0.19512284 0.0
0.22579189 0.0
0.040516622 0.0
0.42603654 0.0
0.2656462 0.0
0.29216504 0.0
0.08758839 0.0
0.1829651 0.0
0.12927268 0.0
0.28485408 0.0
0.0422323 0.0
0.3395789 0.0
0.1572584 0.0
0.27945498 0.0
0.1459071 0.0
0.22030865 0.0
0.15264803 0.0
0.4678476 0.0
0.19128428 0.0
0.52510536 0.0
0.26718667 0.0
0.4286126 0.0
0.09713925 0.0
0.18688896 0.0
0.18454951 0.0
0.34555638 0.0
0.039317954 0.0
0.26045042 0.0
0.21851969 0.0
0.27508396 0.0
0.11073943 0.0
0.25969288 0.0
0.07444528 0.0
0.376047 0.0
0.3493919 0.0
0.741756 0.0
0.10591333 0.0
0.7415175 0.0
0.33549866 0.0
0.6549954 0.0
0.19382715 0.0
0.30826426 0.0
0.22866355 0.0
0.44274247 0.0
0.4288895 0.0
0.56911206 0.0
0.18894908 0.0
0.50274837 0.0
0.13752754 0.0
0.34707072 0.0
0.13243502 0.0
0.14343904 0.0
0.09658307 0.0
0.17641117 0.0
0.023410203 0.0
0.17194092 0.0
0.18506251 0.0
0.38883647 0.0
0.09911056 0.0
0.046996217 0.0
0.007680816 0.0
0.0182362 0.0
0.06506417 0.0
0.22705106 0.0
0.08265146 0.0
0.08192209 0.0
0.06712751 0.0
0.114568666 0.0
0.032895226 0.0
0.01774723 0.0
0.02237732 0.0
0.09452361 0.0
0.056312352 0.0
0.1757683 0.0
0.22348413 0.0
0.8155712 0.0
0.91324466 0.0
7.8459806 0.0
13.321575 0.0
4.1951337 0.0
1.9972686 0.0
3.943682 0.0
0.7149051 0.0
1.3347771 0.0
0.29427457 0.0
0.58879775 0.0
0.12522848 0.0
0.9439148 0.0
0.31061852 0.0
0.4807466 0.0
0.46497306 0.0
1.34456 0.0
0.5694708 0.0
0.3126287 0.0
0.26004434 0.0
0.42447093 0.0
0.53580415 0.0
0.69903076 0.0
0.247938 0.0
0.8399589 0.0
0.37170708 0.0
0.2899849 0.0
0.17675395 0.0
0.5218771 0.0
0.41570762 0.0
0.79991376 0.0
0.65933573 0.0
0.7569075 0.0
0.48253477 0.0
0.89993143 0.0
0.15526196 0.0
0.40453145 0.0
0.31984642 0.0
1.0041384 0.0
0.40705335 0.0
0.56036127 0.0
0.41521198 0.0
0.7903661 0.0
0.12806149 0.0
0.52653676 0.0
0.30094275 0.0
0.32930535 0.0
0.13584268 0.0
0.47508392 0.0
0.43330094 0.0
0.94065726 0.0
0.2137536 0.0
0.29876938 0.0
0.031273417 0.0
0.53634053 0.0
0.3278371 0.0
0.27152556 0.0
0.3149949 0.0
0.8632233 0.0
0.3488097 0.0
0.4712074 0.0
0.13656943 0.0
0.3069594 0.0
0.26040316 0.0
0.07397118 0.0
0.17417209 0.0
0.330607 0.0
0.16596198 0.0
0.46268737 0.0
0.20878755 0.0
0.15782562 0.0
0.20335525 0.0
0.19445238 0.0
0.35247433 0.0
0.6945891 0.0
0.16861768 0.0
0.13926268 0.0
0.23158634 0.0
0.57101804 0.0
0.16150461 0.0
0.23863241 0.0
0.21332335 0.0
0.31117725 0.0
0.115497865 0.0
0.3146839 0.0
0.2977933 0.0
0.4680849 0.0
0.04878591 0.0
0.6179864 0.0
0.37867206 0.0
0.6643804 0.0
0.3898242 0.0
0.52241915 0.0
0.18558122 0.0
0.4250126 0.0
0.24192423 0.0
0.04848544 0.0
0.25786152 0.0
0.65023553 0.0
0.25117254 0.0
0.20525584 0.0
0.07852126 0.0
0.19190879 0.0
0.15352292 0.0
0.3110872 0.0
0.13959457 0.0
0.22332332 0.0
0.12052432 0.0
0.17460588 0.0
0.06587994 0.0
0.0894034 0.0
0.065444246 0.0
0.05577716 0.0
0.16527124 0.0
0.35425976 0.0
0.09005232 0.0
0.061090685 0.0
0.08677662 0.0
0.23540065 0.0
0.088111244 0.0
0.14193025 0.0
0.054342717 0.0
0.035514556 0.0
0.0023297407 0.0
0.09822192 0.0
0.11532922 0.0
0.11159797 0.0
0.41256806 0.0
0.93279016 0.0
0.34128147 0.0
2.918 0.0
3.9268906 0.0
1.1372588 0.0
0.6840674 0.0
0.8103095 0.0
1.0662462 0.0
1.2462376 0.0
0.16498576 0.0
0.19594397 0.0
0.3041145 0.0
0.22706577 0.0
0.29093727 0.0
0.64821684 0.0
0.26977786 0.0
0.39031836 0.0
0.39328542 0.0
0.24314839 0.0
0.44867125 0.0
1.0593058 0.0
0.36380768 0.0
0.164368 0.0
0.13976055 0.0
0.63410395 0.0
0.6923555 0.0
1.0973096 0.0
0.6165565 0.0
1.302679 0.0
0.4862882 0.0
0.57962686 0.0
0.29482144 0.0
0.17470442 0.0
0.33754832 0.0
0.357 0.0
0.12958129 0.0
0.43175623 0.0
0.096256256 0.0
0.14694303 0.0
0.074133605 0.0
0.08635542 0.0
0.16056332 0.0
0.10502362 0.0
0.34408417 0.0
0.7981342 0.0
0.120746836 0.0
0.60981965 0.0
0.44578478 0.0
0.20312153 0.0
0.25587857 0.0
0.49623886 0.0
0.30604148 0.0
0.331073 0.0
0.11005606 0.0
0.412568 0.0
0.14589362 0.0
0.47244817 0.0
0.16967039 0.0
0.35256413 0.0
0.41030326 0.0
0.4843753 0.0
0.10259441 0.0
0.278093 0.0
0.26033303 0.0
0.72316337 0.0
0.40149897 0.0
0.31685525 0.0
0.32564184 0.0
0.9090907 0.0
0.46990928 0.0
0.5676288 0.0
0.44176507 0.0
0.4514851 0.0
0.18725397 0.0
0.76663965 0.0
0.43703982 0.0
0.13564758 0.0
0.3198211 0.0
0.57363963 0.0
0.1345857 0.0
0.7315012 0.0
0.3481257 0.0
0.60538614 0.0
0.6152446 0.0
0.85046285 0.0
0.3033759 0.0
0.25580087 0.0
0.105201125 0.0
0.17391011 0.0
0.082939275 0.0
0.11765032 0.0
0.25908118 0.0
0.5090298 0.0
0.22979094 0.0
0.061074182 0.0
0.21422696 0.0
0.45561787 0.0
0.28759566 0.0
0.64537895 0.0
0.302858 0.0
0.15384205 0.0
0.1346549 0.0
0.1619163 0.0
0.14239977 0.0
0.25079134 0.0
0.30363396 0.0
0.37312835 0.0
0.47888908 0.0
0.6891256 0.0
0.011066815 0.0
0.47295982 0.0
0.25982356 0.0
0.2807141 0.0
0.14624849 0.0
0.20892705 0.0
0.114490174 0.0
0.13246891 0.0
0.13395897 0.0
0.424663 0.0
0.36649796 0.0
0.18321365 0.0
0.31574374 0.0
0.50191444 0.0
0.12099167 0.0
0.7642404 0.0
0.48552334 0.0
0.27576795 0.0
0.31011346 0.0
0.7880007 0.0
0.31737325 0.0
0.26363808 0.0
0.14756906 0.0
0.32501945 0.0
0.13580495 0.0
0.2066458 0.0
0.14182243 0.0
0.38830355 0.0
0.14991522 0.0
0.43342853 0.0
0.19198926 0.0
0.05172164 0.0
0.13764666 0.0
0.60983956 0.0
0.530162 0.0
0.76684666 0.0
0.27010903 0.0
0.3032822 0.0
0.48397776 0.0
0.84448594 0.0
0.21516748 0.0
0.6063455 0.0
0.3231291 0.0
0.27736774 0.0
0.26794034 0.0
0.032336835 0.0
0.17195758 0.0
0.2785378 0.0
0.28726318 0.0
0.3881111 0.0
0.13344331 0.0
0.41253704 0.0
0.44982156 0.0
0.6481357 0.0
0.33932072 0.0
0.28791445 0.0
0.08775553 0.0
0.28511792 0.0
0.37212658 0.0
0.63739836 0.0
0.13182105 0.0
0.4965551 0.0
0.19297914 0.0
0.42609474 0.0
0.37632278 0.0
0.032169357 0.0
0.30778494 0.0
0.18830067 0.0
0.28386366 0.0
0.4804943 0.0
0.15434827 0.0
0.20585918 0.0
0.1164331 0.0
0.1638299 0.0
0.0925558 0.0
0.28305423 0.0
0.16485424 0.0
0.3128036 0.0
0.34636575 0.0
0.43043104 0.0
0.08150698 0.0
0.3625319 0.0
0.45600066 0.0
0.50199413 0.0
0.017808514 0.0
0.21210596 0.0
0.076644436 0.0
0.08157609 0.0
0.18149167 0.0
0.30942005 0.0
0.069673136 0.0
0.09256676 0.0
0.08081022 0.0
0.3724788 0.0
0.2512778 0.0
0.3372612 0.0
0.20275731 0.0
0.19419356 0.0
0.088373914 0.0
0.2931909 0.0
0.25499955 0.0
0.21334444 0.0
0.19063085 0.0
0.34581986 0.0
0.17298375 0.0
0.26486987 0.0
0.1985081 0.0
0.3804084 0.0
0.34550217 0.0
0.34371212 0.0
0.10766257 0.0
0.5397598 0.0
0.2757154 0.0
0.122182034 0.0
0.14167929 0.0
0.046559673 0.0
0.1394204 0.0
0.10405747 0.0
0.2886369 0.0
0.4731885 0.0
0.17761257 0.0
0.29027876 0.0
0.18906827 0.0
0.20110716 0.0
0.14800861 0.0
0.24120812 0.0
0.14789607 0.0
0.4886721 0.0
0.24637435 0.0
0.16069663 0.0
0.2661186 0.0
0.15541668 0.0
0.25676334 0.0
0.27808806 0.0
0.058642127 0.0
0.1638341 0.0
0.33882174 0.0
0.5008234 0.0
0.023716995 0.0
0.2206943 0.0
0.13224629 0.0
0.6832696 0.0
0.3871563 0.0
0.349114 0.0
0.33796763 0.0
0.49798784 0.0
0.18355386 0.0
1.0192888 0.0
1.1291745 0.0
0.9316285 0.0
2.0825994 0.0
0.4738662 0.0
0.06259177 0.0
7.049423E-4 0.0
0.016302856 0.0
0.06384405 0.0
0.05489985 0.0
0.23083158 0.0
0.20597813 0.0
0.06924532 0.0
0.1545629 0.0
0.048156053 0.0
0.29884577 0.0
0.6598887 0.0
0.3278169 0.0
0.10607201 0.0
0.06640282 0.0
0.052081082 0.0
0.17292649 0.0
0.23722434 0.0
0.08052009 0.0
0.04355698 0.0
0.08921048 0.0
0.1729029 0.0
0.12625524 0.0
0.28837648 0.0
0.21368101 0.0
0.36384642 0.0
0.1970188 0.0
0.3701049 0.0
0.2370755 0.0
0.13554142 0.0
0.09175886 0.0
0.041632064 0.0
0.05988516 0.0
0.21743448 0.0
0.24546266 0.0
0.34548634 0.0
0.077912405 0.0
0.35220048 0.0
0.2747658 0.0
0.27971786 0.0
0.46131772 0.0
0.6278079 0.0
0.3623987 0.0
0.19734779 0.0
0.15749605 0.0
0.2940285 0.0
0.14471933 0.0
0.17257711 0.0
0.19267002 0.0
0.3413792 0.0
0.27868205 0.0
0.27399838 0.0
0.16416751 0.0
0.11099796 0.0
0.16000223 0.0
0.34116462 0.0
0.12014625 0.0
0.12057141 0.0
0.26782233 0.0
0.4253695 0.0
0.13747326 0.0
0.13052133 0.0
0.096309625 0.0
0.18919261 0.0
0.299708 0.0
0.33925477 0.0
0.15454048 0.0
0.22662756 0.0
0.11158114 0.0
0.06808137 0.0
0.16390598 0.0
0.17726852 0.0
0.077282056 0.0
0.20719862 0.0
0.22960311 0.0
0.21938929 0.0
0.025198838 0.0
0.1957775 0.0
0.22072901 0.0
0.41404495 0.0
0.23150067 0.0
0.080468625 0.0
0.060744774 0.0
0.111463025 0.0
0.1732777 0.0
0.16080478 0.0
0.041880973 0.0
0.08685986 0.0
0.15705483 0.0
0.13627906 0.0
0.10295536 0.0
0.37355736 0.0
0.36371598 0.0
0.5364524 0.0
0.3117214 0.0
0.13147761 0.0
0.033540234 0.0
0.25604025 0.0
0.32298148 0.0
0.27359304 0.0
0.04208521 0.0
0.1604305 0.0
0.093785666 0.0
0.11126076 0.0
0.0760552 0.0
0.13419311 0.0
0.29080456 0.0
0.37724227 0.0
0.10342947 0.0
0.21093737 0.0
0.02678543 0.0
0.24957646 0.0
0.16430591 0.0
0.08272025 0.0
0.15818082 0.0
0.07060664 0.0
0.09049499 0.0
0.16001649 0.0
0.12877497 0.0
0.09828268 0.0
0.012855182 0.0
0.004981291 0.0
0.014798368 0.0
0.49667364 0.0
1.4402715 0.0
4.4179473 0.0
1.9242011 0.0
0.8426992 0.0
0.32113156 0.0
0.19565746 0.0
0.26015007 0.0
0.13357683 0.0
0.6582192 0.0
0.6652168 0.0
0.21092114 0.0
0.6409808 0.0
0.14837788 0.0
0.746106 0.0
0.3372729 0.0
0.37003008 0.0
0.38771996 0.0
0.20510632 0.0
0.39509875 0.0
0.35414308 0.0
0.33195168 0.0
0.31584764 0.0
0.23464519 0.0
0.31334394 0.0
0.23394611 0.0
0.35004187 0.0
0.25960445 0.0
0.31435072 0.0
0.26577777 0.0
0.33503082 0.0
0.21094646 0.0
0.054797336 0.0
0.17332701 0.0
0.3528896 0.0
0.2453966 0.0
0.2249423 0.0
0.16383274 0.0
0.19333063 0.0
0.27501735 0.0
0.5047217 0.0
0.33635822 0.0
0.097279936 0.0
0.23832949 0.0
0.3788034 0.0
0.18562442 0.0
0.13443416 0.0
0.31556088 0.0
0.4296423 0.0
0.054458506 0.0
0.5594775 0.0
0.45423633 0.0
0.25153908 0.0
0.059815798 0.0
0.3929871 0.0
0.27898398 0.0
0.54828817 0.0
0.5403356 0.0
0.1775019 0.0
0.3192772 0.0
0.20586 0.0
0.15517662 0.0
0.103978805 0.0
0.16593899 0.0
0.30645415 0.0
0.3008321 0.0
0.22741495 0.0
0.19188058 0.0
0.24751693 0.0
0.07352635 0.0
0.12181607 0.0
0.07991323 0.0
0.20049591 0.0
0.07397427 0.0
0.14536189 0.0
0.17818199 0.0
0.21138488 0.0
0.13497323 0.0
0.24390174 0.0
0.22080244 0.0
0.105414495 0.0
0.12932245 0.0
0.19688235 0.0
0.20935822 0.0
0.20122638 0.0
0.05236252 0.0
0.0420402 0.0
0.15163726 0.0
0.32325968 0.0
0.24679777 0.0
0.28737456 0.0
0.27230686 0.0
0.25772288 0.0
0.2004989 0.0
0.08239734 0.0
0.08284598 0.0
0.08477183 0.0
0.10767243 0.0
0.1618348 0.0
0.23280106 0.0
0.19710363 0.0
0.09083569 0.0
0.032534804 0.0
0.14699356 0.0
0.12394175 0.0
0.13190143 0.0
0.074436605 0.0
0.13355565 0.0
0.15555885 0.0
0.06585525 0.0
0.052619893 0.0
0.1969629 0.0
0.17900768 0.0
0.033222184 0.0
0.09064367 0.0
0.053506188 0.0
0.14607076 0.0
0.075663835 0.0
0.022710636 0.0
0.0010535552 0.0
0.02738283 0.0
0.051310673 0.0
0.107624225 0.0
0.12718223 0.0
0.09298464 0.0
0.10965989 0.0
0.24686539 0.0
0.3612773 0.0
0.4276146 0.0
0.6512897 0.0
7.894215 0.0
11.317728 0.0
2.7745745 0.0
0.39455026 0.0
0.83155894 0.0
1.4058936 0.0
1.7423288 0.0
0.9710944 0.0
1.0640007 0.0
0.87115884 0.0
0.40092885 0.0
0.3213388 0.0
0.6256296 0.0
0.30259272 0.0
0.37278393 0.0
0.4811685 0.0
0.39875486 0.0
0.32814908 0.0
0.7572344 0.0
0.62798464 0.0
0.719646 0.0
0.49243456 0.0
0.14246649 0.0
0.19324687 0.0
0.14472064 0.0
0.32217824 0.0
0.75471044 0.0
0.7921783 0.0
0.786759 0.0
0.41420838 0.0
0.17581673 0.0
0.5564399 0.0
0.736266 0.0
0.46761972 0.0
0.1876732 0.0
0.2613393 0.0
0.49474388 0.0
0.37073126 0.0
0.33126783 0.0
0.34018862 0.0
0.44526318 0.0
0.30688316 0.0
0.055158276 0.0
0.101598926 0.0
0.21287082 0.0
0.5409244 0.0
0.7202276 0.0
0.44008893 0.0
0.34657076 0.0
0.38610697 0.0
0.19249411 0.0
0.17461517 0.0
0.23068254 0.0
0.08997794 0.0
0.37498277 0.0
0.49622995 0.0
0.5908382 0.0
0.5696405 0.0
0.47912732 0.0
0.039025597 0.0
0.15916207 0.0
0.30675036 0.0
0.732276 0.0
0.5589031 0.0
0.060106 0.0
0.35996753 0.0
0.319908 0.0
0.20790511 0.0
0.45572418 0.0
0.2878261 0.0
0.30576542 0.0
0.42386696 0.0
0.50468165 0.0
0.36417794 0.0
0.30303717 0.0
0.24792022 0.0
0.2850243 0.0
0.22064908 0.0
0.27362415 0.0
0.46676552 0.0
0.52683884 0.0
0.27418458 0.0
0.16875258 0.0
0.4066338 0.0
0.43748105 0.0
0.4263198 0.0
0.45658275 0.0
0.74291897 0.0
0.87362987 0.0
0.36386356 0.0
0.13277073 0.0
0.37088752 0.0
0.7211979 0.0
0.4768082 0.0
0.19062756 0.0
0.029359335 0.0
0.27402645 0.0
0.36894354 0.0
0.19262499 0.0
0.22490002 0.0
0.4303835 0.0
0.26998982 0.0
0.5728793 0.0
0.47459534 0.0
0.34174418 0.0
0.31522268 0.0
0.38323176 0.0
0.4369344 0.0
0.4437907 0.0
0.5260131 0.0
0.6540125 0.0
0.54314035 0.0
0.45713294 0.0
0.2517595 0.0
0.13958876 0.0
0.25230944 0.0
0.34531307 0.0
0.099382676 0.0
0.5639548 0.0
0.59872323 0.0
0.9042664 0.0
0.6706591 0.0
0.11539876 0.0
0.46889395 0.0
1.1164541 0.0
0.79287004 0.0
1.421852 0.0
4.402791 0.0
11.647171 0.0
7.4269543 0.0
1.5753282 0.0
0.26855046 0.0
0.483087 0.0
0.5112624 0.0
0.19741166 0.0
0.04564461 0.0
0.061079193 0.0
0.08957298 0.0
0.103936665 0.0
0.068569496 0.0
5.6913664E-4 0.0
0.027743362 0.0
3.7849505E-4 0.0
0.013885852 0.0
0.03589058 0.0
0.059835702 0.0
0.09369413 0.0
0.10499676 0.0
0.056488033 0.0
0.026019627 0.0
0.01678314 0.0
0.059761904 0.0
0.06750688 0.0
0.062006287 0.0
0.07880519 0.0
0.067862816 0.0
0.026134927 0.0
0.06414691 0.0
0.09918172 0.0
0.09025175 0.0
0.039408073 0.0
0.108951315 0.0
0.09877736 0.0
0.016212987 0.0
0.04407729 0.0
0.049762808 0.0
0.05414334 0.0
0.028665187 0.0
0.10485255 0.0
0.06770823 0.0
0.07833583 0.0
0.11424778 0.0
0.103662394 0.0
0.1726033 0.0
0.16557935 0.0
0.104826204 0.0
0.20995536 0.0
0.2349147 0.0
0.08570939 0.0
0.15884252 0.0
0.2956203 0.0
0.22571072 0.0
0.17285259 0.0
0.18261616 0.0
0.1621369 0.0
0.22218382 0.0
0.15835916 0.0
0.14005066 0.0
0.108010605 0.0
0.29839882 0.0
0.28896052 0.0
0.09464045 0.0
0.29304776 0.0
0.29304776 0.0
0.09464045 0.0
0.28896052 0.0
0.29839906 0.0
0.108010605 0.0
0.14005066 0.0
0.15835828 0.0
0.22218382 0.0
0.1621369 0.0
0.18261616 0.0
0.17285259 0.0
0.22571072 0.0
0.2956203 0.0
0.15884252 0.0
0.08570939 0.0
0.2349147 0.0
0.20995536 0.0
0.104824916 0.0
0.16557935 0.0
0.17260236 0.0
0.103662394 0.0
0.11424778 0.0
0.07833583 0.0
0.06770823 0.0
0.10485255 0.0
0.028665187 0.0
0.05414334 0.0
0.049762808 0.0
0.04407729 0.0
0.016212987 0.0
0.09877736 0.0
0.108951315 0.0
0.03940638 0.0
0.09025175 0.0
0.09918172 0.0
0.06414691 0.0
0.026135696 0.0
0.0678626 0.0
0.07880519 0.0
0.062006287 0.0
0.06750688 0.0
0.059761904 0.0
0.01678314 0.0
0.026019627 0.0
0.056488033 0.0
0.10499649 0.0
0.09369413 0.0
0.059835702 0.0
0.03589058 0.0
0.013885852 0.0
3.7849505E-4 0.0
0.027743362 0.0
5.721709E-4 0.0
0.068569496 0.0
0.103936665 0.0
0.08957298 0.0
0.061079193 0.0
0.04564461 0.0
0.19741166 0.0
0.5112624 0.0
0.483087 0.0
0.26855195 0.0
1.5753282 0.0
7.4269543 0.0
11.647171 0.0
4.402791 0.0
1.421852 0.0
0.79287004 0.0
1.1164541 0.0
0.46889395 0.0
0.11539876 0.0
0.6706591 0.0
0.9042664 0.0
0.59872323 0.0
0.5639548 0.0
0.099382676 0.0
0.34531307 0.0
0.2523093 0.0
0.13958876 0.0
0.2517595 0.0
0.45713374 0.0
0.54314035 0.0
0.6540125 0.0
0.5260131 0.0
0.44379005 0.0
0.4369344 0.0
0.38323176 0.0
0.31522462 0.0
0.34174418 0.0
0.47459534 0.0
0.5728793 0.0
0.26998982 0.0
0.4303835 0.0
0.22490002 0.0
0.19262499 0.0
0.36894354 0.0
0.27402717 0.0
0.029361116 0.0
0.19062756 0.0
0.4768082 0.0
0.7211979 0.0
0.37088752 0.0
0.13276982 0.0
0.36386356 0.0
0.87362987 0.0
0.74291897 0.0
0.45658275 0.0
0.4263198 0.0
0.43748105 0.0
0.4066338 0.0
0.16875261 0.0
0.27418458 0.0
0.52683884 0.0
0.46676552 0.0
0.27362415 0.0
0.22064911 0.0
0.2850243 0.0
0.2479196 0.0
0.30303717 0.0
0.36417794 0.0
0.50468165 0.0
0.42386696 0.0
0.30576363 0.0
0.2878261 0.0
0.45572343 0.0
0.20790511 0.0
0.319908 0.0
0.35996753 0.0
0.060106467 0.0
0.558905 0.0
0.732276 0.0
0.30675036 0.0
0.15916207 0.0
0.039025597 0.0
0.47912732 0.0
0.5696405 0.0
0.59084105 0.0
0.49622807 0.0
0.37498277 0.0
0.08997794 0.0
0.23068254 0.0
0.17461517 0.0
0.19249411 0.0
0.38610697 0.0
0.34657076 0.0
0.44008893 0.0
0.7202276 0.0
0.5409244 0.0
0.21287082 0.0
0.10159638 0.0
0.05516189 0.0
0.30688247 0.0
0.4452638 0.0
0.34018934 0.0
0.33126703 0.0
0.37073126 0.0
0.49474388 0.0
0.2613393 0.0
0.1876732 0.0
0.46761972 0.0
0.736266 0.0
0.5564399 0.0
0.17581673 0.0
0.41420925 0.0
0.786759 0.0
0.7921783 0.0
0.75471044 0.0
0.32217824 0.0
0.14472064 0.0
0.19324687 0.0
0.14246649 0.0
0.49243486 0.0
0.719646 0.0
0.62798464 0.0
0.7572344 0.0
0.32814908 0.0
0.39875486 0.0
0.4811685 0.0
0.37278068 0.0
0.30259272 0.0
0.6256296 0.0
0.3213388 0.0
0.40092885 0.0
0.87115884 0.0
1.0640007 0.0
0.97109336 0.0
1.7423288 0.0
1.4058936 0.0
0.8315615 0.0
0.39455026 0.0
2.7745745 0.0
11.317728 0.0
7.894213 0.0
0.6512897 0.0
0.4276146 0.0
0.3612773 0.0
0.24686539 0.0
0.10965989 0.0
0.09298464 0.0
0.1271812 0.0
0.10762562 0.0
0.05131162 0.0
0.02738283 0.0
0.0010545003 0.0
0.022710636 0.0
0.075663835 0.0
0.14607076 0.0
0.053505603 0.0
0.09064367 0.0
0.03322154 0.0
0.17900768 0.0
0.1969629 0.0
0.052619893 0.0
0.06585525 0.0
0.1555556 0.0
0.13355565 0.0
0.074436605 0.0
0.13190182 0.0
0.12394175 0.0
0.14699356 0.0
0.032534804 0.0
0.09083569 0.0
0.19710363 0.0
0.23280106 0.0
0.1618348 0.0
0.10767243 0.0
0.08477275 0.0
0.082845524 0.0
0.082396954 0.0
0.2004989 0.0
0.25772288 0.0
0.27230686 0.0
0.28737366 0.0
0.24679777 0.0
0.32325944 0.0
0.15163726 0.0
0.0420402 0.0
0.05236252 0.0
0.20122638 0.0
0.20935822 0.0
0.19688113 0.0
0.12932338 0.0
0.105414495 0.0
0.22080314 0.0
0.24390174 0.0
0.13497323 0.0
0.21138488 0.0
0.17818199 0.0
0.14536546 0.0
0.07397427 0.0
0.20049591 0.0
0.07991323 0.0
0.121815845 0.0
0.07352446 0.0
0.24751693 0.0
0.19188048 0.0
0.22741495 0.0
0.3008321 0.0
0.30645415 0.0
0.16593698 0.0
0.103978805 0.0
0.15517662 0.0
0.20586044 0.0
0.3192772 0.0
0.1775019 0.0
0.5403356 0.0
0.54828537 0.0
0.27898398 0.0
0.3929871 0.0
0.059815798 0.0
0.25153908 0.0
0.45423633 0.0
0.5594775 0.0
0.054458506 0.0
0.4296423 0.0
0.31556088 0.0
0.13443416 0.0
0.18562442 0.0
0.3788034 0.0
0.23833008 0.0
0.097280875 0.0
0.33635822 0.0
0.5047217 0.0
0.27501735 0.0
0.19333063 0.0
0.16383274 0.0
0.2249423 0.0
0.2453966 0.0
0.3528896 0.0
0.17332701 0.0
0.054797336 0.0
0.21094646 0.0
0.33503082 0.0
0.26577777 0.0
0.31435072 0.0
0.25960445 0.0
0.35004187 0.0
0.23394512 0.0
0.31334394 0.0
0.23464519 0.0
0.31584764 0.0
0.33195168 0.0
0.35414308 0.0
0.39509875 0.0
0.20510584 0.0
0.38771996 0.0
0.37003008 0.0
0.3372729 0.0
0.746106 0.0
0.14837788 0.0
0.6409808 0.0
0.21091768 0.0
0.66521305 0.0
0.6582192 0.0
0.13357683 0.0
0.26015007 0.0
0.19565746 0.0
0.32113156 0.0
0.8426964 0.0
1.9242011 0.0
4.4179473 0.0
1.4402715 0.0
0.49667364 0.0
0.014798368 0.0
0.004981291 0.0
0.01285776 0.0
0.09828268 0.0
0.12877497 0.0
0.16001649 0.0
0.09049499 0.0
0.07060664 0.0
0.1581827 0.0
0.08272143 0.0
0.16430591 0.0
0.24957646 0.0
0.02678298 0.0
0.21093737 0.0
0.10342947 0.0
0.37724227 0.0
0.29080027 0.0
0.13419311 0.0
0.0760552 0.0
0.11126076 0.0
0.093785666 0.0
0.1604305 0.0
0.04208521 0.0
0.27359304 0.0
0.32298 0.0
0.25604025 0.0
0.033540234 0.0
0.13147761 0.0
0.3117214 0.0
0.5364524 0.0
0.36371604 0.0
0.37355736 0.0
0.10295536 0.0
0.13627906 0.0
0.15706098 0.0
0.08685986 0.0
0.041880973 0.0
0.16080478 0.0
0.1732777 0.0
0.111463025 0.0
0.060744774 0.0
0.080468625 0.0
0.23150067 0.0
0.41404495 0.0
0.22072828 0.0
0.1957775 0.0
0.025198838 0.0
0.21939018 0.0
0.22960311 0.0
0.20719862 0.0
0.077282056 0.0
0.17726713 0.0
0.16390598 0.0
0.06808137 0.0
0.11158114 0.0
0.22662756 0.0
0.15454048 0.0
0.33925477 0.0
0.2997084 0.0
0.18919261 0.0
0.09631058 0.0
0.13052133 0.0
0.13747326 0.0
0.4253695 0.0
0.26782233 0.0
0.12057141 0.0
0.12014625 0.0
0.34116462 0.0
0.16000223 0.0
0.11099796 0.0
0.16416751 0.0
0.2739989 0.0
0.27868205 0.0
0.34137854 0.0
0.19267002 0.0
0.17257711 0.0
0.14471933 0.0
0.2940285 0.0
0.15749605 0.0
0.19734766 0.0
0.3623987 0.0
0.6278079 0.0
0.46131772 0.0
0.27971786 0.0
0.2747658 0.0
0.35220048 0.0
0.077912405 0.0
0.34548634 0.0
0.24546216 0.0
0.21743448 0.0
0.05988516 0.0
0.041631144 0.0
0.09175954 0.0
0.13554142 0.0
0.2370755 0.0
0.3701049 0.0
0.1970188 0.0
0.36384642 0.0
0.21368101 0.0
0.28837174 0.0
0.12625524 0.0
0.1729029 0.0
0.08921048 0.0
0.04355689 0.0
0.08052009 0.0
0.23722434 0.0
0.17292649 0.0
0.052081082 0.0
0.06640282 0.0
0.10607201 0.0
0.3278169 0.0
0.6598887 0.0
0.29884666 0.0
0.048156053 0.0
0.15456207 0.0
0.06924532 0.0
0.20597813 0.0
0.23083158 0.0
0.05489985 0.0
0.06384518 0.0
0.016302856 0.0
7.047575E-4 0.0
0.06259177 0.0
0.4738662 0.0
2.0825994 0.0
0.93163025 0.0
1.1291745 0.0
1.0192888 0.0
0.18355386 0.0
0.4979846 0.0
0.33796763 0.0
0.349114 0.0
0.3871563 0.0
0.6832696 0.0
0.1322462 0.0
0.2206943 0.0
0.023716995 0.0
0.5008234 0.0
0.3388206 0.0
0.1638341 0.0
0.058642127 0.0
0.27809054 0.0
0.2567628 0.0
0.15541668 0.0
0.2661186 0.0
0.16069663 0.0
0.24637435 0.0
0.4886721 0.0
0.14789559 0.0
0.24120812 0.0
0.14800861 0.0
0.20110716 0.0
0.18906827 0.0
0.29027876 0.0
0.17761257 0.0
0.4731885 0.0
0.28864056 0.0
0.10405747 0.0
0.1394204 0.0
0.046559673 0.0
0.14167929 0.0
0.122182034 0.0
0.2757154 0.0
0.5397598 0.0
0.107662834 0.0
0.34371275 0.0
0.3455023 0.0
0.3804084 0.0
0.1985081 0.0
0.26486987 0.0
0.17298283 0.0
0.34582278 0.0
0.19063085 0.0
0.21334523 0.0
0.25499576 0.0
0.2931909 0.0
0.088373914 0.0
0.19418922 0.0
0.20275731 0.0
0.3372612 0.0
0.2512769 0.0
0.3724788 0.0
0.08081022 0.0
0.09256676 0.0
0.069672614 0.0
0.30942005 0.0
0.18149537 0.0
0.08157609 0.0
0.076644436 0.0
0.21210596 0.0
0.017808514 0.0
0.50199413 0.0
0.45600066 0.0
0.3625319 0.0
0.08150698 0.0
0.43043104 0.0
0.34636575 0.0
0.3128036 0.0
0.16485377 0.0
0.28305423 0.0
0.0925558 0.0
0.1638299 0.0
0.1164331 0.0
0.20585918 0.0
0.15434827 0.0
0.4804943 0.0
0.28386366 0.0
0.18830067 0.0
0.30778494 0.0
0.032169357 0.0
0.37632278 0.0
0.42609474 0.0
0.19297914 0.0
0.4965551 0.0
0.13182105 0.0
0.63739836 0.0
0.37212658 0.0
0.28511792 0.0
0.08775503 0.0
0.28791526 0.0
0.33932072 0.0
0.6481357 0.0
0.44982156 0.0
0.41253704 0.0
0.13343987 0.0
0.3881111 0.0
0.28726318 0.0
0.278534 0.0
0.17195758 0.0
0.03234125 0.0
0.26794034 0.0
0.27736774 0.0
0.3231291 0.0
0.6063468 0.0
0.21516666 0.0
0.8444859 0.0
0.48397776 0.0
0.3032822 0.0
0.27010903 0.0
0.76684666 0.0
0.530162 0.0
0.60983956 0.0
0.13764584 0.0
0.05172164 0.0
0.19198926 0.0
0.43342853 0.0
0.14991522 0.0
0.38830695 0.0
0.14182243 0.0
0.2066458 0.0
0.13580495 0.0
0.32501945 0.0
0.14756906 0.0
0.26363808 0.0
0.31737414 0.0
0.78800154 0.0
0.31011346 0.0
0.27576795 0.0
0.48552334 0.0
0.7642404 0.0
0.12099167 0.0
0.50191444 0.0
0.31574374 0.0
0.18321179 0.0
0.36649796 0.0
0.424663 0.0
0.13395897 0.0
0.13246891 0.0
0.1144889 0.0
0.20892705 0.0
0.14624907 0.0
0.2807141 0.0
0.25982356 0.0
0.47295982 0.0
0.011066815 0.0
0.6891256 0.0
0.47888908 0.0
0.37312835 0.0
0.30363396 0.0
0.25079134 0.0
0.14239977 0.0
0.1619163 0.0
0.1346549 0.0
0.15384205 0.0
0.302858 0.0
0.64537895 0.0
0.28759566 0.0
0.45561787 0.0
0.21422696 0.0
0.061074182 0.0
0.22979094 0.0
0.5090298 0.0
0.25908118 0.0
0.11765032 0.0
0.082936235 0.0
0.17391011 0.0
0.105201125 0.0
0.25580087 0.0
0.3033759 0.0
0.8504649 0.0
0.6152446 0.0
0.60538614 0.0
0.3481257 0.0
0.7315012 0.0
0.1345857 0.0
0.57363963 0.0
0.3198211 0.0
0.13564758 0.0
0.43703982 0.0
0.76663965 0.0
0.18725397 0.0
0.4514851 0.0
0.44176507 0.0
0.5676288 0.0
0.46990928 0.0
0.9090907 0.0
0.32564184 0.0
0.31685525 0.0
0.40149897 0.0
0.72316337 0.0
0.26033303 0.0
0.278093 0.0
0.10259441 0.0
0.4843753 0.0
0.4103027 0.0
0.35256413 0.0
0.16967039 0.0
0.47244817 0.0
0.14589362 0.0
0.412568 0.0
0.11005606 0.0
0.331073 0.0
0.30604148 0.0
0.49623886 0.0
0.25587857 0.0
0.20312153 0.0
0.44578514 0.0
0.60981965 0.0
0.120746836 0.0
0.7981342 0.0
0.34408417 0.0
0.10502362 0.0
0.16056332 0.0
0.08635542 0.0
0.07413307 0.0
0.14694303 0.0
0.096255206 0.0
0.43175623 0.0
0.12958129 0.0
0.357 0.0
0.33754832 0.0
0.17470442 0.0
0.29482067 0.0
0.57962686 0.0
0.4862882 0.0
1.3026793 0.0
0.6165561 0.0
1.0973096 0.0
0.6923555 0.0
0.6341034 0.0
0.13976055 0.0
0.164368 0.0
0.36380768 0.0
1.0593058 0.0
0.44867125 0.0
0.24314839 0.0
0.39328542 0.0
0.39031836 0.0
0.26977786 0.0
0.64821684 0.0
0.29093727 0.0
0.22706577 0.0
0.3041145 0.0
0.1959443 0.0
0.16498576 0.0
1.2462376 0.0
1.0662462 0.0
0.8103095 0.0
0.6840674 0.0
1.1372579 0.0
3.9268906 0.0
2.918 0.0
0.34127885 0.0
0.93279016 0.0
0.41256806 0.0
0.11159797 0.0
0.11532922 0.0
0.09822192 0.0
0.0023297407 0.0
0.035514556 0.0
0.054342717 0.0
0.14193025 0.0
0.088111244 0.0
0.23540065 0.0
0.08677662 0.0
0.061090685 0.0
0.09005232 0.0
0.35425976 0.0
0.16527268 0.0
0.05577716 0.0
0.065444246 0.0
0.0894034 0.0
0.06587994 0.0
0.17460588 0.0
0.12052386 0.0
0.22332332 0.0
0.13959457 0.0
0.3110872 0.0
0.15352292 0.0
0.19190879 0.0
0.07852126 0.0
0.20525828 0.0
0.25117254 0.0
0.65023553 0.0
0.25786152 0.0
0.04848544 0.0
0.24192423 0.0
0.4250126 0.0
0.18558122 0.0
0.52241915 0.0
0.3898242 0.0
0.6643805 0.0
0.37867206 0.0
0.61798775 0.0
0.048787102 0.0
0.4680849 0.0
0.2977933 0.0
0.3146839 0.0
0.115497865 0.0
0.31117725 0.0
0.21332335 0.0
0.23863241 0.0
0.16150461 0.0
0.57101804 0.0
0.23158634 0.0
0.13926268 0.0
0.16861673 0.0
0.6945891 0.0
0.35247433 0.0
0.19445238 0.0
0.20335525 0.0
0.15782562 0.0
0.20878755 0.0
0.46268737 0.0
0.16596198 0.0
0.330607 0.0
0.17417209 0.0
0.07397118 0.0
0.26040316 0.0
0.3069594 0.0
0.13657025 0.0
0.4712074 0.0
0.3488097 0.0
0.8632233 0.0
0.3149949 0.0
0.27152556 0.0
0.3278371 0.0
0.53634053 0.0
0.031273417 0.0
0.29876938 0.0
0.2137536 0.0
0.94065726 0.0
0.43330094 0.0
0.47508392 0.0
0.13584268 0.0
0.32930535 0.0
0.30094275 0.0
0.52653676 0.0
0.12806149 0.0
0.7903653 0.0
0.41521198 0.0
0.56036127 0.0
0.4070525 0.0
1.0041384 0.0
0.31984642 0.0
0.40453145 0.0
0.15526415 0.0
0.89993143 0.0
0.48253477 0.0
0.7569075 0.0
0.65933573 0.0
0.79991376 0.0
0.41570762 0.0
0.5218771 0.0
0.17675301 0.0
0.28998652 0.0
0.3717046 0.0
0.8399589 0.0
0.247938 0.0
0.69903135 0.0
0.53580415 0.0
0.42447093 0.0
0.26004434 0.0
0.3126287 0.0
0.5694711 0.0
1.34456 0.0
0.46497306 0.0
0.4807466 0.0
0.31061852 0.0
0.94391394 0.0
0.12522848 0.0
0.58879775 0.0
0.29427457 0.0
1.3347771 0.0
0.7149051 0.0
3.943682 0.0
1.9972705 0.0
4.1951337 0.0
13.321575 0.0
7.8459806 0.0
0.91324466 0.0
0.8155712 0.0
0.22348413 0.0
0.1757683 0.0
0.056312352 0.0
0.094526865 0.0
0.02237732 0.0
0.01774723 0.0
0.032895226 0.0
0.114568666 0.0
0.06712751 0.0
0.08192209 0.0
0.082650535 0.0
0.22705106 0.0
0.06506417 0.0
0.0182362 0.0
0.007680816 0.0
0.046996217 0.0
0.0991068 0.0
0.38883552 0.0
0.18506251 0.0
0.17194092 0.0
0.023410203 0.0
0.17641117 0.0
0.0965859 0.0
0.14343904 0.0
0.13243502 0.0
0.34707072 0.0
0.13752384 0.0
0.50274837 0.0
0.18894908 0.0
0.56911254 0.0
0.4288895 0.0
0.44274247 0.0
0.22866355 0.0
0.30826426 0.0
0.19382715 0.0
0.6549954 0.0
0.33549803 0.0
0.74151844 0.0
0.10591272 0.0
0.7417527 0.0
0.3493919 0.0
0.376047 0.0
0.07444528 0.0
0.25969148 0.0
0.11073943 0.0
0.27508396 0.0
0.21851969 0.0
0.26045042 0.0
0.039317954 0.0
0.34555638 0.0
0.18454641 0.0
0.18688896 0.0
0.09713925 0.0
0.4286126 0.0
0.26718667 0.0
0.52509993 0.0
0.19128428 0.0
0.467848 0.0
0.15264803 0.0
0.22030865 0.0
0.1459071 0.0
0.2794554 0.0
0.1572584 0.0
0.3395789 0.0
0.0422323 0.0
0.28485408 0.0
0.12927268 0.0
0.1829651 0.0
0.087586485 0.0
0.29216504 0.0
0.2656462 0.0
0.42603654 0.0
0.04051585 0.0
0.22579436 0.0
0.19512284 0.0
0.5593962 0.0
0.17628866 0.0
0.41619247 0.0
0.09577518 0.0
0.298794 0.0
0.12871994 0.0
0.30264896 0.0
0.2354696 0.0
0.13788763 0.0
0.13003035 0.0
0.26941672 0.0
0.08056992 0.0
0.2474279 0.0
0.138535 0.0
0.16206366 0.0
0.05433267 0.0
0.1591225 0.0
0.013139961 0.0
0.090192765 0.0
0.10614982 0.0
0.3060407 0.0
0.10580674 0.0
0.12232698 0.0
0.02530142 0.0
0.051624823 0.0
0.03269343 0.0
0.046152186 0.0
0.005851745 0.0
8.34232E-4 0.0
0.015909938 0.0
0.037897483 0.0
0.022475434 0.0
0.031458396 0.0
0.005345725 0.0
0.05329439 0.0
0.05529497 0.0
0.35539007 0.0
0.25487086 0.0
0.47235796 0.0
0.5376534 0.0
1.1087339 0.0
0.6603818 0.0
3.1961446 0.0
0.9184058 0.0
1.1924396 0.0
1.1242805 0.0
2.90344 0.0
2.3607416 0.0
6.7957525 0.0
16.634943 0.0
8.951748 0.0
3.5993412 0.0
6.3904004 0.0
1.9645662 0.0
1.8703731 0.0
0.31212953 0.0
1.742458 0.0
0.54440576 0.0
0.63241476 0.0
0.03032768 0.0
0.71072507 0.0
0.47336218 0.0
1.7390317 0.0
0.809721 0.0
1.0139467 0.0
0.20057969 0.0
1.0070343 0.0
0.6379482 0.0
1.4998149 0.0
0.50790846 0.0
1.3151993 0.0
0.7173854 0.0
1.8155413 0.0
0.6666695 0.0
0.24092184 0.0
0.83203137 0.0
3.2401493 0.0
1.0351298 0.0
0.96372235 0.0
0.22811623 0.0
1.1900147 0.0
0.5927064 0.0
0.3105772 0.0
0.78513384 0.0
1.3956842 0.0
0.44472304 0.0
1.4762747 0.0
0.22287522 0.0
0.77427435 0.0
0.4716995 0.0
0.47096336 0.0
0.2033593 0.0
0.040147334 0.0
0.27636003 0.0
0.22605973 0.0
0.38328457 0.0
1.0856367 0.0
0.19642015 0.0
0.1502719 0.0
0.4802794 0.0
1.7931132 0.0
0.47491997 0.0
0.3142803 0.0
0.17392237 0.0
0.5977574 0.0
0.206817 0.0
1.884407 0.0
0.8940451 0.0
1.3608326 0.0
0.34425426 0.0
1.3971411 0.0
0.5717951 0.0
0.07947649 0.0
0.52216935 0.0
1.2283131 0.0
0.29730344 0.0
1.2927651 0.0
0.82439035 0.0
2.8710935 0.0
1.194577 0.0
1.7790647 0.0
0.33536094 0.0
0.85488546 0.0
0.23872757 0.0
1.408365 0.0
1.2150128 0.0
4.0422707 0.0
1.4822637 0.0
1.6150209 0.0
0.37547514 0.0
1.8182153 0.0
0.5691248 0.0
1.0422733 0.0
0.5874339 0.0
1.6003393 0.0
0.43060827 0.0
0.59287345 0.0
0.3707194 0.0
1.3619791 0.0
0.5094494 0.0
1.703167 0.0
0.9194647 0.0
2.0196466 0.0
0.7768307 0.0
1.9364086 0.0
0.43015993 0.0
0.30980417 0.0
0.4302613 0.0
2.6013381 0.0
1.0243633 0.0
1.4488475 0.0
0.5960856 0.0
1.4318354 0.0
0.6017082 0.0
1.2813686 0.0
0.51183146 0.0
1.0745652 0.0
0.68744993 0.0
3.6485424 0.0
1.3986461 0.0
1.790993 0.0
0.6570793 0.0
2.2370584 0.0
1.2154726 0.0
4.699785 0.0
1.9522737 0.0
3.1260073 0.0
0.4503101 0.0
1.4580505 0.0
0.69597685 0.0
0.9478663 0.0
1.1431935 0.0
3.0390348 0.0
2.2976038 0.0
13.992565 0.0
5.437141 0.0
7.6682286 0.0
12.255053 0.0
20.805964 0.0
5.4327974 0.0
9.491104 0.0
2.9006586 0.0
3.125519 0.0
0.6697024 0.0
2.2654843 0.0
0.5921329 0.0
0.647468 0.0
0.20250112 0.0
0.41595715 0.0
0.039511055 0.0
0.3527785 0.0
0.09145129 0.0
0.087953724 0.0
0.00857649 0.0
0.020043354 0.0
0.028325161 0.0
0.17795436 0.0
0.07320712 0.0
0.077098586 0.0
0.10567033 0.0
0.56712085 0.0
0.2557811 0.0
0.6905694 0.0
0.23074079 0.0
0.13244294 0.0
0.2122017 0.0
0.9257529 0.0
0.29969698 0.0
0.5545842 0.0
0.040210776 0.0
0.4943029 0.0
0.1424086 0.0
0.5771175 0.0
0.48211175 0.0
1.2672079 0.0
0.3193778 0.0
0.56854427 0.0
0.35337704 0.0
0.7665277 0.0
0.030095443 0.0
0.20681469 0.0
0.06389815 0.0
0.5472868 0.0
0.20353831 0.0
1.0391319 0.0
0.6324876 0.0
1.2943636 0.0
0.19564517 0.0
1.1460972 0.0
0.61562514 0.0
1.5421205 0.0
0.21292086 0.0
1.9737864 0.0
0.67905915 0.0
0.31354165 0.0
0.32904184 0.0
0.5675219 0.0
0.2151592 0.0
0.5792368 0.0
0.29203358 0.0
0.77494794 0.0
0.24840842 0.0
0.71055067 0.0
0.08912073 0.0
1.1702296 0.0
0.59034216 0.0
0.733237 0.0
0.24755035 0.0
0.10392669 0.0
0.6025707 0.0
2.067132 0.0
0.29482922 0.0
0.5927405 0.0
0.248146 0.0
1.4794947 0.0
0.116322815 0.0
1.6365837 0.0
0.7371241 0.0
1.1019888 0.0
0.17915624 0.0
0.52981085 0.0
0.42564434 0.0
0.9426287 0.0
0.11059018 0.0
0.74766725 0.0
0.19045362 0.0
0.39519614 0.0
0.18271887 0.0
0.54014295 0.0
0.1110317 0.0
0.8322546 0.0
0.2709881 0.0
0.36383092 0.0
0.2060964 0.0
0.98146737 0.0
0.3635234 0.0
2.307758 0.0
0.72125655 0.0
0.6596763 0.0
0.43667415 0.0
1.2279997 0.0
0.31724083 0.0
0.8279954 0.0
0.29658794 0.0
1.8015584 0.0
0.6970819 0.0
0.7569618 0.0
0.6987037 0.0
2.5529869 0.0
0.43654555 0.0
1.5787443 0.0
0.460735 0.0
1.6543692 0.0
1.1040801 0.0
2.9164054 0.0
0.16149716 0.0
2.2528503 0.0
1.0147365 0.0
2.9973693 0.0
1.2141864 0.0
1.6265695 0.0
1.1709008 0.0
4.551366 0.0
0.71823335 0.0
3.6967204 0.0
11.839354 0.0
14.309976 0.0
1.520516 0.0
1.4792995 0.0
0.3402568 0.0
1.4609537 0.0
0.16398568 0.0
0.019005433 0.0
0.062478 0.0
0.33029535 0.0
0.10431664 0.0
0.60048586 0.0
0.289424 0.0
1.1271775 0.0
0.27433416 0.0
0.46314237 0.0
0.015765818 0.0
1.0855206 0.0
0.47742817 0.0
0.6027281 0.0
0.25637096 0.0
0.9261806 0.0
0.33977738 0.0
1.3816595 0.0
0.4058144 0.0
1.226146 0.0
0.40065384 0.0
1.7346092 0.0
0.24967468 0.0
1.5446182 0.0
0.8769463 0.0
2.0648856 0.0
0.1884346 0.0
0.81069833 0.0
0.5229679 0.0
1.6086816 0.0
0.23464763 0.0
0.28793418 0.0
0.31651956 0.0
1.6802717 0.0
0.35691273 0.0
0.8544878 0.0
0.5033222 0.0
1.3419299 0.0
0.29964215 0.0
1.5997227 0.0
0.41014785 0.0
0.73796165 0.0
0.30366758 0.0
1.1995431 0.0
0.75775087 0.0
1.6262194 0.0
0.41526064 0.0
1.2001339 0.0
0.31588426 0.0
1.0336422 0.0
0.4562822 0.0
2.463077 0.0
0.6838514 0.0
0.69540703 0.0
0.529438 0.0
2.6749043 0.0
0.26808104 0.0
2.2938583 0.0
0.968105 0.0
1.1893559 0.0
0.2160132 0.0
1.4312991 0.0
0.6735972 0.0
3.5227845 0.0
1.678568 0.0
3.4524162 0.0
0.34003147 0.0
2.577162 0.0
0.23852484 0.0
0.9932628 0.0
0.37758422 0.0
2.9309614 0.0
0.9593848 0.0
3.5902338 0.0
0.3388605 0.0
2.2754738 0.0
0.62175816 0.0
1.8203847 0.0
0.77920717 0.0
0.9567214 0.0
0.90684944 0.0
2.392493 0.0
0.6366622 0.0
1.0958725 0.0
0.6205904 0.0
0.61214405 0.0
1.0725763 0.0
4.1741514 0.0
0.30937394 0.0
1.7660029 0.0
0.6872842 0.0
3.5928926 0.0
0.65467596 0.0
0.46877772 0.0
0.26882982 0.0
0.50729066 0.0
0.43760446 0.0
0.86311275 0.0
0.12306858 0.0
0.8573041 0.0
0.24270646 0.0
1.7903255 0.0
0.7049363 0.0
1.6181399 0.0
0.23689583 0.0
2.5348148 0.0
1.3355087 0.0
2.0183935 0.0
1.2264608 0.0
7.0288377 0.0
2.0058062 0.0
6.3730454 0.0
0.99169177 0.0
2.6519878 0.0
1.4187776 0.0
6.4698377 0.0
1.2247754 0.0
8.443896 0.0
3.0288088 0.0
9.808867 0.0
3.9403317 0.0
24.151453 0.0
27.366169 0.0
15.529717 0.0
0.6828454 0.0
4.5337777 0.0
1.358763 0.0
5.316049 0.0
0.69745564 0.0
0.70537573 0.0
0.21262783 0.0
0.65698457 0.0
0.049575936 0.0
0.0015434044 0.0
0.07571017 0.0
0.40556777 0.0
0.105293125 0.0
0.56467575 0.0
0.059258908 0.0
1.3102099 0.0
0.6304333 0.0
1.471905 0.0
0.2797585 0.0
1.9626561 0.0
0.5978005 0.0
2.7556543 0.0
0.4936871 0.0
1.2680045 0.0
0.26940766 0.0
3.098913 0.0
0.79905784 0.0
1.4972804 0.0
0.067768194 0.0
0.992847 0.0
0.2424459 0.0
0.69930696 0.0
0.2543962 0.0
1.0996335 0.0
0.023029914 0.0
1.8382139 0.0
0.5719858 0.0
1.2422649 0.0
0.3755772 0.0
0.5461678 0.0
0.30202153 0.0
1.6847142 0.0
0.26544765 0.0
2.401298 0.0
0.9277043 0.0
3.293316 0.0
0.40500665 0.0
1.0440913 0.0
0.46285743 0.0
0.55396044 0.0
0.32245597 0.0
1.0986049 0.0
0.75755554 0.0
2.1276627 0.0
0.9829385 0.0
5.3098736 0.0
0.7506443 0.0
2.392635 0.0
0.26462796 0.0
1.7947471 0.0
0.45972148 0.0
5.4732413 0.0
1.0608989 0.0
1.5100433 0.0
0.52173007 0.0
1.4970448 0.0
0.8483251 0.0
1.4794 0.0
0.30705592 0.0
3.9594007 0.0
1.2650342 0.0
2.1001282 0.0
0.38768077 0.0
1.9968017 0.0
0.5611556 0.0
0.26191586 0.0
0.90817213 0.0
4.8295245 0.0
0.6568449 0.0
1.5142324 0.0
0.9495642 0.0
4.306077 0.0
0.26324427 0.0
3.9275727 0.0
1.2324504 0.0
2.762978 0.0
0.21880868 0.0
3.5268717 0.0
0.989799 0.0
2.3506982 0.0
0.800329 0.0
3.713958 0.0
0.65008277 0.0
3.2433698 0.0
0.1436477 0.0
4.6880693 0.0
0.86701435 0.0
1.054527 0.0
0.46782878 0.0
2.6503084 0.0
0.9863898 0.0
3.7342582 0.0
0.23861335 0.0
6.7529354 0.0
1.8820876 0.0
2.9751916 0.0
1.2448493 0.0
3.2553632 0.0
0.6642686 0.0
4.0218225 0.0
0.39851922 0.0
4.3431454 0.0
1.3476921 0.0
4.140595 0.0
1.0062674 0.0
6.131218 0.0
0.5700258 0.0
4.848236 0.0
1.5969356 0.0
6.5576987 0.0
0.7081225 0.0
9.913986 0.0
3.1562486 0.0
4.448679 0.0
3.5820475 0.0
32.331078 0.0
24.812859 0.0
24.67125 0.0
2.515382 0.0
5.160446 0.0
0.85810864 0.0
0.8332571 0.0
0.2054162 0.0
0.4264333 0.0
0.03739891 0.0
0.8963653 0.0
0.2799855 0.0
0.8142883 0.0
0.23567496 0.0
1.2007345 0.0
0.10053678 0.0
1.8276674 0.0
0.49549463 0.0
1.0586714 0.0
0.5077724 0.0
1.5658482 0.0
0.57776767 0.0
4.8135076 0.0
0.8729435 0.0
2.0808818 0.0
0.20906986 0.0
0.76586384 0.0
0.20631391 0.0
1.6300143 0.0
0.07218115 0.0
2.0359259 0.0
0.64189565 0.0
2.0737882 0.0
0.37202656 0.0
3.3186104 0.0
0.5356124 0.0
4.0590806 0.0
0.6893581 0.0
2.0486352 0.0
0.99677646 0.0
3.41761 0.0
0.717494 0.0
4.323213 0.0
0.524156 0.0
1.7070554 0.0
0.3610419 0.0
1.0553688 0.0
0.23940538 0.0
3.458097 0.0
0.5037472 0.0
2.3135495 0.0
0.7680314 0.0
2.8145542 0.0
0.28481665 0.0
1.4183933 0.0
0.4371616 0.0
2.1786942 0.0
0.69035524 0.0
4.5123143 0.0
0.89774185 0.0
1.3491491 0.0
1.0827419 0.0
1.7544773 0.0
1.0419732 0.0
5.051147 0.0
0.781342 0.0
9.559345 0.0
1.2098417 0.0
4.2166276 0.0
1.7378465 0.0
5.789627 0.0
0.4997866 0.0
6.6344423 0.0
0.9978138 0.0
1.3398104 0.0
0.20453817 0.0
4.225207 0.0
1.1112167 0.0
3.8809948 0.0
1.5223424 0.0
8.993518 0.0
0.89958763 0.0
3.6244988 0.0
0.5589659 0.0
7.7902975 0.0
1.7234387 0.0
4.809749 0.0
0.59567916 0.0
5.7086153 0.0
0.7897169 0.0
2.5311735 0.0
1.6421293 0.0
11.948752 0.0
1.60574 0.0
6.026031 0.0
1.348911 0.0
3.2045817 0.0
0.76679593 0.0
8.401493 0.0
1.549538 0.0
7.051961 0.0
0.45500204 0.0
5.458461 0.0
1.4641743 0.0
3.7719178 0.0
1.230438 0.0
6.6494904 0.0
0.284147 0.0
8.430491 0.0
1.5345229 0.0
3.3466194 0.0
1.1189294 0.0
3.4430385 0.0
1.0385907 0.0
12.42769 0.0
1.7611936 0.0
6.9035425 0.0
2.4313169 0.0
2.089108 0.0
2.9127634 0.0
20.338844 0.0
1.9699417 0.0
13.40665 0.0
5.3343415 0.0
28.765108 0.0
2.8666117 0.0
18.200247 0.0
6.6107078 0.0
53.105003 0.0
77.55928 0.0
41.16699 0.0
0.35698366 0.0
3.2109296 0.0
0.1001548 0.0
0.018484026 0.0
0.21402381 0.0
3.9418979 0.0
0.34675017 0.0
3.0748448 0.0
0.32324898 0.0
4.7036304 0.0
0.9717189 0.0
4.917287 0.0
1.384196 0.0
7.0819483 0.0
1.1884536 0.0
4.9063644 0.0
0.5413651 0.0
4.2312655 0.0
0.9867026 0.0
9.014374 0.0
1.1513783 0.0
1.539463 0.0
1.3162273 0.0
6.3377976 0.0
0.6306798 0.0
10.532601 0.0
1.5039256 0.0
3.4602058 0.0
0.5409886 0.0
10.916888 0.0
2.6525548 0.0
10.982439 0.0
0.965968 0.0
8.383345 0.0
0.21007511 0.0
10.267655 0.0
1.8831564 0.0
12.923404 0.0
0.8061263 0.0
7.347575 0.0
0.7265352 0.0
12.359148 0.0
2.1028204 0.0
4.160123 0.0
2.3510153 0.0
8.028727 0.0
0.69397485 0.0
1.2615278 0.0
1.5889896 0.0
11.933581 0.0
0.8634765 0.0
3.2641044 0.0
1.6408514 0.0
7.994413 0.0
1.6394149 0.0
23.322193 0.0
2.7667615 0.0
11.944425 0.0
0.91685605 0.0
4.9710755 0.0
1.3432288 0.0
3.3646348 0.0
1.2702082 0.0
9.658448 0.0
1.8689281 0.0
19.467434 0.0
1.8284086 0.0
2.3578777 0.0
1.1576358 0.0
15.837523 0.0
1.6885977 0.0
11.376921 0.0
2.5698211 0.0
9.710257 0.0
2.9071894 0.0
31.395203 0.0
2.443902 0.0
22.335678 0.0
4.412375 0.0
13.591946 0.0
1.5901546 0.0
15.532169 0.0
1.8599406 0.0
11.034655 0.0
0.82991743 0.0
3.3942857 0.0
0.70234627 0.0
2.750567 0.0
1.7717241 0.0
14.816469 0.0
0.57191503 0.0
10.200567 0.0
1.496124 0.0
9.020373 0.0
1.4469212 0.0
11.637422 0.0
1.5806609 0.0
4.1004434 0.0
1.2908137 0.0
13.100512 0.0
2.4672272 0.0
16.413607 0.0
0.11244065 0.0
7.0502076 0.0
1.9548095 0.0
33.69848 0.0
2.9450352 0.0
18.947735 0.0
4.5581465 0.0
25.77923 0.0
1.8935046 0.0
3.397936 0.0
2.6745837 0.0
33.71756 0.0
4.921381 0.0
23.959295 0.0
1.2679763 0.0
36.827976 0.0
6.035895 0.0
42.709503 0.0
6.792386 0.0
71.80601 0.0
7.4646883 0.0
44.871086 0.0
13.359549 0.0
237.49567 0.0
343.76956 0.0
132.6203 0.0
9.219957 0.0
27.648134 0.0
4.0511713 0.0
30.433567 0.0
0.7874842 0.0
7.312686 0.0
0.539973 0.0
0.2771908 0.0
0.07871831 0.0
0.60472226 0.0
0.20258264 0.0
1.9154671 0.0
0.7077466 0.0
7.425813 0.0
0.49074155 0.0
1.5293932 0.0
0.3502528 0.0
4.6539016 0.0
0.59990144 0.0
3.2131658 0.0
1.0632201 0.0
15.88553 0.0
2.0687704 0.0
25.975967 0.0
3.124212 0.0
17.0682 0.0
2.414658 0.0
26.63991 0.0
2.107016 0.0
19.90095 0.0
2.3045795 0.0
5.463338 0.0
1.9448006 0.0
23.123167 0.0
1.0546638 0.0
8.153644 0.0
1.4721302 0.0
24.964596 0.0
3.2318406 0.0
31.095327 0.0
4.1285605 0.0
40.387844 0.0
3.1212902 0.0
30.584814 0.0
1.991871 0.0
14.958181 0.0
2.4699771 0.0
3.9737346 0.0
1.5060567 0.0
27.945608 0.0
5.0531497 0.0
41.29026 0.0
1.3921899 0.0
7.578921 0.0
2.1130219 0.0
11.992765 0.0
1.8062464 0.0
28.835644 0.0
0.62698364 0.0
31.238916 0.0
4.07927 0.0
41.140953 0.0
2.1325867 0.0
31.100264 0.0
1.670388 0.0
30.943295 0.0
4.6616197 0.0
37.467228 0.0
3.3400762 0.0
34.06047 0.0
4.026197 0.0
18.676857 0.0
4.0510864 0.0
39.305965 0.0
4.1169705 0.0
64.08821 0.0
5.600341 0.0
42.81951 0.0
2.1535177 0.0
13.838063 0.0
0.2350055 0.0
26.803585 0.0
1.7093171 0.0
38.12297 0.0
6.0461507 0.0
21.363531 0.0
5.090191 0.0
74.030975 0.0
3.0318897 0.0
40.58217 0.0
1.3943807 0.0
53.51554 0.0
6.391449 0.0
57.702293 0.0
3.0580735 0.0
38.64157 0.0
6.20968 0.0
87.305405 0.0
3.5027137 0.0
77.86775 0.0
12.517662 0.0
133.70312 0.0
8.766029 0.0
93.04116 0.0
8.822119 0.0
81.17332 0.0
0.541585 0.0
58.10369 0.0
4.338134 0.0
39.36363 0.0
2.6482213 0.0
62.86472 0.0
7.258853 0.0
67.48414 0.0
7.9352946 0.0
78.31736 0.0
3.912944 0.0
87.62027 0.0
6.0825844 0.0
148.93324 0.0
13.977172 0.0
242.59926 0.0
14.992174 0.0
133.6883 0.0
19.625837 0.0
577.3136 0.0
701.1272 0.0
826.3659 0.0
27.886904 0.0
150.43617 0.0
11.657565 0.0
125.9767 0.0
3.4388075 0.0
30.088488 0.0
0.4626026 0.0
9.903937 0.0
0.08139816 0.0
9.843363 0.0
0.980079 0.0
9.606728 0.0
0.7972795 0.0
40.542862 0.0
5.7079177 0.0
66.90835 0.0
1.6484985 0.0
77.27327 0.0
2.2997031 0.0
49.208817 0.0
3.2325108 0.0
37.49952 0.0
2.703215 0.0
83.60843 0.0
8.575977 0.0
24.408468 0.0
6.66294 0.0
94.56521 0.0
5.7660503 0.0
101.268776 0.0
2.1847382 0.0
71.380226 0.0
11.245457 0.0
198.64291 0.0
4.6502614 0.0
45.400124 0.0
1.4850706 0.0
51.134724 0.0
2.683297 0.0
16.019281 0.0
1.0232931 0.0
32.26282 0.0
5.2285733 0.0
174.89398 0.0
8.935496 0.0
35.870518 0.0
2.087838 0.0
89.637886 0.0
12.3779745 0.0
199.74867 0.0
4.017216 0.0
223.06317 0.0
13.73902 0.0
200.65063 0.0
8.292086 0.0
81.14972 0.0
9.613491 0.0
152.14682 0.0
9.141384 0.0
276.3074 0.0
7.3927937 0.0
10.204958 0.0
2.3176303 0.0
119.72789 0.0
7.0966425 0.0
245.67764 0.0
7.3953047 0.0
94.91554 0.0
9.357991 0.0
168.48347 0.0
12.664639 0.0
575.5841 0.0
30.031282 0.0
437.64142 0.0
10.821358 0.0
124.55208 0.0
2.1611984 0.0
138.53403 0.0
7.588535 0.0
290.8937 0.0
12.79724 0.0
159.78305 0.0
16.392256 0.0
682.5864 0.0
30.485353 0.0
592.16626 0.0
19.406971 0.0
47.183334 0.0
18.305939 0.0
389.43253 0.0
4.460056 0.0
290.00555 0.0
20.998598 0.0
660.83734 0.0
13.137799 0.0
330.3914 0.0
14.009955 0.0
675.8126 0.0
36.97453 0.0
625.02 0.0
16.634066 0.0
1088.9203 0.0
28.77138 0.0
460.7091 0.0
13.253037 0.0
403.16226 0.0
12.085535 0.0
869.3771 0.0
46.036526 0.0
1301.3711 0.0
27.94341 0.0
1119.2341 0.0
55.93841 0.0
1841.7812 0.0
58.790836 0.0
2327.9365 0.0
39.816265 0.0
3355.984 0.0
205.02888 0.0
7474.25 0.0
62.93302 0.0
5932.7397 0.0
58.96419 0.0
14428.377 0.0
334.7287 0.0
21375.299 0.0
55158.96 0.0
29272.674 0.0
292.0437 0.0
6918.943 0.0
109.73367 0.0
4946.3154 0.0
111.16802 0.0
2232.799 0.0
78.44888 0.0
1905.6635 0.0
39.38375 0.0
831.3944 0.0
14.508205 0.0
69.33023 0.0
45.828373 0.0
3467.642 0.0
30.99068 0.0
1393.9779 0.0
43.155945 0.0
854.5112 0.0
24.18108 0.0
1015.12244 0.0
15.749077 0.0
2023.1923 0.0
26.617903 0.0
1820.0537 0.0
40.259308 0.0
2097.1973 0.0
9.598215 0.0
1356.548 0.0
13.235519 0.0
136.60231 0.0
10.983709 0.0
1166.625 0.0
6.3774524 0.0
645.80255 0.0
2.5537515 0.0
507.8352 0.0
1.5072325 0.0
810.30585 0.0
4.8080792 0.0
385.71594 0.0
1.3629702 0.0
1283.532 0.0
10.788568 0.0
383.97787 0.0
5.479057 0.0
383.67838 0.0
1.9325846 0.0
1070.0283 0.0
8.958184 0.0
1046.6086 0.0
1.5227859 0.0
840.97144 0.0
1.5560107 0.0
204.72586 0.0
1.6903878 0.0
837.93207 0.0
2.230364 0.0
1090.2343 0.0
0.4058365 0.0
1169.144 0.0
0.7381918 0.0
1037.9996 0.0
