-0.53453577 0.0
-0.5755856 0.0
-0.5755856 0.0
-0.14828381 0.0
-0.4278588 0.0
-0.46086693 0.0
-0.28358334 0.0
-0.46086693 0.0
-0.22606902 0.0
-0.137188 0.0
-0.38263392 0.0
-0.53453577 0.0
-0.19413185 0.0
-0.46086693 0.0
-0.3295155 0.0
-0.117275275 0.0
0.137188 0.0
0.16651537 0.0
0.0244025 0.0
0.045176826 0.0
0.3295155 0.0
0.2438652 0.0
0.46086693 0.0
0.4963634 0.0
0.61973023 0.0
0.6672026 0.0
0.8021365 0.0
0.47829273 0.0
0.64303535 0.0
0.22606902 0.0
-0.085167274 0.0
-0.38263392 0.0
-0.36862195 0.0
-0.16651537 0.0
-0.22606902 0.0
-0.3295155 0.0
-0.29444823 0.0
-0.4122328 0.0
-0.53453577 0.0
-0.2731062 0.0
-0.3971645 0.0
-0.35511 0.0
-0.117275275 0.0
-0.4122328 0.0
-0.3295155 0.0
-0.29444823 0.0
-0.53453577 0.0
-0.7182538 0.0
-0.8021365 0.0
-0.83219206 0.0
-0.92919815 0.0
-0.5755856 0.0
-0.55468786 0.0
-0.7452051 0.0
-0.61973023 0.0
-0.7452051 0.0
-0.7731538 0.0
-0.7731538 0.0
-0.4963634 0.0
-0.5755856 0.0
-0.7182538 0.0
-0.5972571 0.0
-0.7452051 0.0
-0.7182538 0.0
-0.7731538 0.0
-0.51510286 0.0
-0.19413185 0.0
-0.117275275 0.0
0.2438652 0.0
-0.117275275 0.0
0.19413185 0.0
0.29444823 0.0
0.35511 0.0
-0.06652357 0.0
-0.2731062 0.0
-0.19413185 0.0
-0.3971645 0.0
-0.46086693 0.0
-0.4122328 0.0
-0.38263392 0.0
-0.4963634 0.0
-0.53453577 0.0
-0.55468786 0.0
-0.64303535 0.0
-0.46086693 0.0
-0.16651537 0.0
0.085167274 0.0
0.100056544 0.0
0.4122328 0.0
0.46086693 0.0
0.4122328 0.0
0.4122328 0.0
0.2731062 0.0
0.29444823 0.0
0.0 0.0
-0.29444823 0.0
0.045176826 0.0
0.22606902 0.0
0.17982204 0.0
0.46086693 0.0
0.28358334 0.0
-0.06652357 0.0
0.0 0.0
0.0244025 0.0
0.3295155 0.0
0.0244025 0.0
0.36862195 0.0
-0.085167274 0.0
-0.14828381 0.0
-0.4278588 0.0
-0.5972571 0.0
-0.46086693 0.0
-0.6672026 0.0
-0.28358334 0.0
-0.3971645 0.0
-0.2731062 0.0
0.085167274 0.0
0.085167274 0.0
0.3295155 0.0
0.14828381 0.0
-0.117275275 0.0
-0.36862195 0.0
-0.16651537 0.0
-0.4122328 0.0
-0.3971645 0.0
-0.25326023 0.0
-0.17982204 0.0
-0.3971645 0.0
-0.53453577 0.0
-0.4963634 0.0
-0.25326023 0.0
0.0 0.0
-0.25326023 0.0
-0.46086693 0.0
-0.2095204 0.0
-0.34208027 0.0
0.085167274 0.0
0.3971645 0.0
0.22606902 0.0
0.3971645 0.0
0.3295155 0.0
0.47829273 0.0
0.4122328 0.0
0.2731062 0.0
0.36862195 0.0
0.22606902 0.0
0.35511 0.0
0.19413185 0.0
0.38263392 0.0
0.17982204 0.0
0.0 0.0
-0.22606902 0.0
0.16651537 0.0
0.2438652 0.0
0.16651537 0.0
0.17982204 0.0
-0.19413185 0.0
-0.137188 0.0
-0.2731062 0.0
-0.0244025 0.0
0.100056544 0.0
0.14828381 0.0
0.44406304 0.0
0.117275275 0.0
0.0244025 0.0
0.19413185 0.0
0.47829273 0.0
0.36862195 0.0
0.55468786 0.0
0.53453577 0.0
0.4963634 0.0
0.19413185 0.0
-0.045176826 0.0
0.100056544 0.0
0.100056544 0.0
0.06652357 0.0
0.100056544 0.0
-0.22606902 0.0
-0.137188 0.0
0.0244025 0.0
0.28358334 0.0
-0.085167274 0.0
0.2731062 0.0
0.22606902 0.0
-0.0244025 0.0
0.137188 0.0
0.4122328 0.0
0.47829273 0.0
0.117275275 0.0
-0.16651537 0.0
0.2095204 0.0
0.2731062 0.0
-0.0244025 0.0
-0.14828381 0.0
-0.2095204 0.0
-0.3971645 0.0
-0.14828381 0.0
-0.29444823 0.0
-0.35511 0.0
-0.55468786 0.0
-0.14828381 0.0
0.06652357 0.0
0.16651537 0.0
0.06652357 0.0
-0.2731062 0.0
-0.4963634 0.0
-0.46086693 0.0
-0.2095204 0.0
0.117275275 0.0
0.31739917 0.0
0.14828381 0.0
0.16651537 0.0
0.36862195 0.0
0.4122328 0.0
0.5755856 0.0
0.6922646 0.0
0.51510286 0.0
0.61973023 0.0
0.25326023 0.0
0.137188 0.0
0.16651537 0.0
-0.2438652 0.0
-0.22606902 0.0
-0.4963634 0.0
-0.3295155 0.0
-0.5755856 0.0
-0.17982204 0.0
-0.46086693 0.0
-0.46086693 0.0
-0.22606902 0.0
-0.4122328 0.0
-0.31739917 0.0
-0.34208027 0.0
0.085167274 0.0
0.0 0.0
0.16651537 0.0
-0.25326023 0.0
-0.2438652 0.0
-0.06652357 0.0
0.14828381 0.0
-0.2731062 0.0
-0.34208027 0.0
-0.25326023 0.0
-0.4122328 0.0
-0.4122328 0.0
-0.44406304 0.0
-0.17982204 0.0
-0.117275275 0.0
0.085167274 0.0
0.36862195 0.0
0.4278588 0.0
0.16651537 0.0
0.045176826 0.0
-0.14828381 0.0
-0.4278588 0.0
-0.31739917 0.0
0.117275275 0.0
-0.29444823 0.0
-0.16651537 0.0
0.100056544 0.0
-0.19413185 0.0
0.17982204 0.0
-0.16651537 0.0
0.14828381 0.0
0.137188 0.0
-0.100056544 0.0
0.0 0.0
-0.16651537 0.0
-0.0244025 0.0
0.2438652 0.0
0.0244025 0.0
-0.17982204 0.0
-0.100056544 0.0
0.19413185 0.0
0.085167274 0.0
0.14828381 0.0
0.17982204 0.0
-0.06652357 0.0
-0.117275275 0.0
-0.36862195 0.0
-0.2438652 0.0
-0.47829273 0.0
-0.46086693 0.0
-0.100056544 0.0
0.2438652 0.0
0.4122328 0.0
0.19413185 0.0
0.137188 0.0
-0.117275275 0.0
-0.34208027 0.0
-0.53453577 0.0
-0.4963634 0.0
-0.4122328 0.0
-0.44406304 0.0
-0.4963634 0.0
-0.53453577 0.0
-0.22606902 0.0
0.085167274 0.0
0.25326023 0.0
0.06652357 0.0
-0.25326023 0.0
-0.4963634 0.0
-0.44406304 0.0
-0.2095204 0.0
-0.4122328 0.0
-0.22606902 0.0
-0.4278588 0.0
-0.137188 0.0
-0.36862195 0.0
-0.46086693 0.0
-0.6672026 0.0
-0.4122328 0.0
-0.29444823 0.0
-0.28358334 0.0
-0.085167274 0.0
-0.36862195 0.0
-0.51510286 0.0
-0.51510286 0.0
-0.64303535 0.0
-0.6672026 0.0
-0.47829273 0.0
-0.4963634 0.0
-0.16651537 0.0
-0.4278588 0.0
-0.4122328 0.0
-0.5755856 0.0
-0.7452051 0.0
-0.4278588 0.0
-0.06652357 0.0
0.3295155 0.0
0.117275275 0.0
0.36862195 0.0
0.14828381 0.0
0.16651537 0.0
0.34208027 0.0
0.5755856 0.0
0.44406304 0.0
0.2731062 0.0
0.34208027 0.0
0.51510286 0.0
0.34208027 0.0
0.4963634 0.0
0.19413185 0.0
-0.22606902 0.0
-0.36862195 0.0
-0.2438652 0.0
0.100056544 0.0
0.0 0.0
0.137188 0.0
-0.14828381 0.0
0.117275275 0.0
-0.2095204 0.0
-0.2731062 0.0
0.0 0.0
-0.06652357 0.0
0.045176826 0.0
0.0244025 0.0
-0.22606902 0.0
-0.44406304 0.0
-0.2438652 0.0
-0.2731062 0.0
-0.31739917 0.0
-0.29444823 0.0
-0.46086693 0.0
-0.38263392 0.0
-0.2731062 0.0
-0.36862195 0.0
-0.3971645 0.0
-0.46086693 0.0
-0.2731062 0.0
0.085167274 0.0
0.25326023 0.0
-0.06652357 0.0
-0.14828381 0.0
0.085167274 0.0
-0.31739917 0.0
-0.4122328 0.0
-0.4963634 0.0
-0.64303535 0.0
-0.5755856 0.0
-0.3971645 0.0
-0.36862195 0.0
0.0244025 0.0
0.06652357 0.0
0.2731062 0.0
0.4278588 0.0
0.0 0.0
-0.34208027 0.0
0.085167274 0.0
-0.16651537 0.0
-0.085167274 0.0
0.117275275 0.0
-0.2731062 0.0
0.0 0.0
-0.16651537 0.0
-0.35511 0.0
-0.117275275 0.0
-0.4122328 0.0
-0.53453577 0.0
-0.36862195 0.0
-0.31739917 0.0
-0.137188 0.0
-0.19413185 0.0
-0.2731062 0.0
-0.4963634 0.0
-0.2095204 0.0
-0.4963634 0.0
-0.5755856 0.0
-0.46086693 0.0
-0.53453577 0.0
-0.51510286 0.0
-0.25326023 0.0
0.06652357 0.0
0.31739917 0.0
0.2731062 0.0
0.2731062 0.0
0.117275275 0.0
-0.22606902 0.0
-0.045176826 0.0
-0.17982204 0.0
-0.06652357 0.0
-0.0244025 0.0
0.2438652 0.0
-0.045176826 0.0
0.100056544 0.0
-0.137188 0.0
0.14828381 0.0
-0.2731062 0.0
-0.17982204 0.0
-0.045176826 0.0
-0.35511 0.0
-0.53453577 0.0
-0.6672026 0.0
-0.55468786 0.0
-0.29444823 0.0
-0.19413185 0.0
-0.4122328 0.0
-0.117275275 0.0
-0.045176826 0.0
0.100056544 0.0
0.31739917 0.0
0.44406304 0.0
0.4278588 0.0
0.5972571 0.0
0.5755856 0.0
0.14828381 0.0
0.34208027 0.0
0.3971645 0.0
0.3971645 0.0
0.28358334 0.0
0.14828381 0.0
-0.06652357 0.0
0.2095204 0.0
-0.085167274 0.0
0.100056544 0.0
0.31739917 0.0
0.0 0.0
-0.3295155 0.0
-0.117275275 0.0
0.0 0.0
-0.2731062 0.0
-0.085167274 0.0
0.31739917 0.0
0.17982204 0.0
-0.06652357 0.0
0.045176826 0.0
-0.100056544 0.0
-0.22606902 0.0
-0.4963634 0.0
-0.137188 0.0
-0.2438652 0.0
0.045176826 0.0
-0.22606902 0.0
-0.35511 0.0
-0.34208027 0.0
-0.4122328 0.0
-0.61973023 0.0
-0.7452051 0.0
-0.61973023 0.0
-0.3295155 0.0
-0.46086693 0.0
-0.16651537 0.0
0.22606902 0.0
0.3971645 0.0
0.38263392 0.0
-0.06652357 0.0
-0.25326023 0.0
0.0 0.0
0.16651537 0.0
0.22606902 0.0
0.28358334 0.0
-0.16651537 0.0
-0.31739917 0.0
-0.35511 0.0
-0.46086693 0.0
-0.17982204 0.0
-0.47829273 0.0
-0.2731062 0.0
-0.34208027 0.0
-0.34208027 0.0
-0.53453577 0.0
-0.64303535 0.0
-0.4963634 0.0
-0.35511 0.0
-0.2095204 0.0
-0.36862195 0.0
-0.38263392 0.0
-0.3295155 0.0
-0.28358334 0.0
-0.4963634 0.0
-0.3971645 0.0
-0.36862195 0.0
-0.100056544 0.0
0.0 0.0
0.3295155 0.0
0.4278588 0.0
0.3295155 0.0
0.25326023 0.0
0.46086693 0.0
0.55468786 0.0
0.28358334 0.0
0.36862195 0.0
-0.0244025 0.0
-0.29444823 0.0
-0.4278588 0.0
-0.4122328 0.0
-0.38263392 0.0
0.0 0.0
0.14828381 0.0
0.17982204 0.0
0.3295155 0.0
0.3971645 0.0
0.085167274 0.0
0.0244025 0.0
0.3295155 0.0
0.2095204 0.0
0.085167274 0.0
0.0 0.0
0.29444823 0.0
0.46086693 0.0
0.19413185 0.0
0.2731062 0.0
0.0244025 0.0
-0.045176826 0.0
-0.2731062 0.0
-0.4122328 0.0
-0.100056544 0.0
0.2438652 0.0
0.29444823 0.0
0.46086693 0.0
0.36862195 0.0
0.5755856 0.0
0.19413185 0.0
-0.137188 0.0
-0.25326023 0.0
0.100056544 0.0
0.4122328 0.0
0.25326023 0.0
0.3295155 0.0
0.53453577 0.0
0.51510286 0.0
0.35511 0.0
0.3295155 0.0
0.53453577 0.0
0.5755856 0.0
0.4122328 0.0
0.22606902 0.0
-0.117275275 0.0
0.06652357 0.0
0.38263392 0.0
0.085167274 0.0
0.2731062 0.0
0.51510286 0.0
0.2095204 0.0
0.06652357 0.0
-0.2438652 0.0
-0.2731062 0.0
-0.34208027 0.0
0.100056544 0.0
-0.31739917 0.0
0.06652357 0.0
-0.3295155 0.0
-0.4963634 0.0
-0.14828381 0.0
-0.14828381 0.0
-0.36862195 0.0
-0.34208027 0.0
-0.47829273 0.0
-0.61973023 0.0
-0.51510286 0.0
-0.5755856 0.0
-0.55468786 0.0
-0.53453577 0.0
-0.51510286 0.0
-0.47829273 0.0
-0.14828381 0.0
0.137188 0.0
-0.06652357 0.0
-0.31739917 0.0
-0.4963634 0.0
-0.16651537 0.0
-0.44406304 0.0
-0.4963634 0.0
-0.29444823 0.0
-0.51510286 0.0
-0.28358334 0.0
0.045176826 0.0
-0.0244025 0.0
-0.16651537 0.0
0.19413185 0.0
0.17982204 0.0
0.35511 0.0
0.3295155 0.0
0.38263392 0.0
0.2095204 0.0
0.28358334 0.0
0.46086693 0.0
0.0244025 0.0
0.06652357 0.0
0.29444823 0.0
0.38263392 0.0
0.4963634 0.0
0.5972571 0.0
0.4122328 0.0
0.2438652 0.0
-0.117275275 0.0
0.25326023 0.0
0.0244025 0.0
-0.28358334 0.0
-0.46086693 0.0
-0.6672026 0.0
-0.7452051 0.0
-0.6672026 0.0
-0.7731538 0.0
-0.83219206 0.0
-0.46086693 0.0
-0.44406304 0.0
-0.53453577 0.0
-0.6672026 0.0
-0.51510286 0.0
-0.64303535 0.0
-0.7731538 0.0
-0.6672026 0.0
-0.83219206 0.0
-0.64303535 0.0
-0.6922646 0.0
-0.3295155 0.0
0.0 0.0
0.2095204 0.0
0.0 0.0
-0.085167274 0.0
0.100056544 0.0
0.085167274 0.0
0.36862195 0.0
0.2731062 0.0
0.19413185 0.0
-0.0244025 0.0
-0.14828381 0.0
-0.085167274 0.0
0.14828381 0.0
0.36862195 0.0
0.4122328 0.0
0.5755856 0.0
0.4963634 0.0
0.61973023 0.0
0.7182538 0.0
0.5972571 0.0
0.5972571 0.0
0.53453577 0.0
0.19413185 0.0
0.38263392 0.0
0.22606902 0.0
0.46086693 0.0
0.14828381 0.0
0.2095204 0.0
0.0 0.0
0.045176826 0.0
0.19413185 0.0
-0.2095204 0.0
-0.22606902 0.0
0.0 0.0
0.2095204 0.0
0.34208027 0.0
0.31739917 0.0
0.46086693 0.0
0.22606902 0.0
0.2438652 0.0
0.25326023 0.0
0.46086693 0.0
0.0244025 0.0
0.0244025 0.0
-0.31739917 0.0
0.0244025 0.0
-0.045176826 0.0
-0.29444823 0.0
-0.53453577 0.0
-0.25326023 0.0
-0.4122328 0.0
-0.64303535 0.0
-0.61973023 0.0
-0.46086693 0.0
-0.2095204 0.0
-0.46086693 0.0
-0.64303535 0.0
-0.7731538 0.0
-0.47829273 0.0
-0.25326023 0.0
-0.36862195 0.0
-0.2438652 0.0
-0.51510286 0.0
-0.61973023 0.0
-0.25326023 0.0
-0.25326023 0.0
-0.2095204 0.0
-0.46086693 0.0
-0.5972571 0.0
-0.4278588 0.0
0.0 0.0
0.25326023 0.0
0.045176826 0.0
0.38263392 0.0
0.19413185 0.0
0.44406304 0.0
0.4963634 0.0
0.4963634 0.0
0.3971645 0.0
0.31739917 0.0
0.44406304 0.0
0.0244025 0.0
-0.22606902 0.0
-0.4963634 0.0
-0.61973023 0.0
-0.64303535 0.0
-0.7731538 0.0
-0.8021365 0.0
-0.7731538 0.0
-0.3971645 0.0
-0.19413185 0.0
-0.3295155 0.0
-0.17982204 0.0
-0.2438652 0.0
-0.100056544 0.0
-0.25326023 0.0
-0.3971645 0.0
-0.22606902 0.0
-0.045176826 0.0
0.137188 0.0
-0.100056544 0.0
-0.2438652 0.0
0.117275275 0.0
-0.045176826 0.0
-0.045176826 0.0
-0.0244025 0.0
0.137188 0.0
0.28358334 0.0
0.17982204 0.0
-0.16651537 0.0
0.117275275 0.0
0.38263392 0.0
0.35511 0.0
0.14828381 0.0
-0.117275275 0.0
0.2438652 0.0
0.0 0.0
0.25326023 0.0
0.3971645 0.0
0.5972571 0.0
0.4122328 0.0
0.5972571 0.0
0.7452051 0.0
0.6922646 0.0
0.7731538 0.0
0.53453577 0.0
0.64303535 0.0
0.47829273 0.0
0.5755856 0.0
0.35511 0.0
0.44406304 0.0
0.5972571 0.0
0.4963634 0.0
0.100056544 0.0
0.137188 0.0
0.100056544 0.0
0.14828381 0.0
0.100056544 0.0
0.22606902 0.0
0.38263392 0.0
0.4122328 0.0
0.0 0.0
0.35511 0.0
0.46086693 0.0
0.36862195 0.0
0.36862195 0.0
0.47829273 0.0
0.55468786 0.0
0.6672026 0.0
0.4122328 0.0
0.2095204 0.0
0.16651537 0.0
0.34208027 0.0
0.4122328 0.0
0.46086693 0.0
0.100056544 0.0
0.137188 0.0
-0.085167274 0.0
0.045176826 0.0
-0.17982204 0.0
-0.137188 0.0
-0.25326023 0.0
-0.31739917 0.0
-0.085167274 0.0
0.0244025 0.0
0.0244025 0.0
-0.14828381 0.0
-0.4278588 0.0
-0.38263392 0.0
-0.5972571 0.0
-0.6922646 0.0
-0.44406304 0.0
-0.64303535 0.0
-0.53453577 0.0
-0.53453577 0.0
-0.2438652 0.0
-0.4122328 0.0
-0.06652357 0.0
0.117275275 0.0
0.16651537 0.0
-0.137188 0.0
0.2438652 0.0
0.3971645 0.0
0.085167274 0.0
0.2731062 0.0
0.46086693 0.0
0.38263392 0.0
0.3971645 0.0
0.14828381 0.0
0.3295155 0.0
0.38263392 0.0
0.38263392 0.0
0.46086693 0.0
0.4963634 0.0
0.34208027 0.0
-0.045176826 0.0
-0.2731062 0.0
-0.53453577 0.0
-0.6922646 0.0
-0.7731538 0.0
-0.6672026 0.0
-0.6672026 0.0
-0.6922646 0.0
-0.3295155 0.0
0.117275275 0.0
0.0 0.0
0.35511 0.0
0.0 0.0
0.14828381 0.0
-0.06652357 0.0
0.29444823 0.0
0.0 0.0
-0.19413185 0.0
-0.46086693 0.0
-0.61973023 0.0
-0.35511 0.0
-0.0244025 0.0
-0.2731062 0.0
0.14828381 0.0
-0.137188 0.0
-0.19413185 0.0
0.2095204 0.0
0.100056544 0.0
0.2438652 0.0
0.045176826 0.0
0.19413185 0.0
0.44406304 0.0
0.46086693 0.0
0.5972571 0.0
0.44406304 0.0
0.4278588 0.0
0.06652357 0.0
0.0244025 0.0
0.137188 0.0
-0.19413185 0.0
0.117275275 0.0
-0.29444823 0.0
-0.4963634 0.0
-0.34208027 0.0
-0.5755856 0.0
-0.36862195 0.0
0.085167274 0.0
0.2095204 0.0
-0.045176826 0.0
-0.25326023 0.0
-0.4122328 0.0
-0.14828381 0.0
-0.17982204 0.0
-0.4122328 0.0
-0.35511 0.0
0.06652357 0.0
0.085167274 0.0
0.0244025 0.0
0.0244025 0.0
0.3295155 0.0
0.0244025 0.0
0.0244025 0.0
0.0244025 0.0
-0.137188 0.0
-0.3971645 0.0
-0.51510286 0.0
-0.5972571 0.0
-0.5972571 0.0
-0.28358334 0.0
-0.100056544 0.0
-0.137188 0.0
-0.22606902 0.0
-0.137188 0.0
-0.085167274 0.0
0.0 0.0
0.25326023 0.0
0.085167274 0.0
-0.2731062 0.0
-0.36862195 0.0
-0.35511 0.0
-0.46086693 0.0
-0.61973023 0.0
-0.4122328 0.0
-0.53453577 0.0
-0.4122328 0.0
-0.5972571 0.0
-0.36862195 0.0
-0.22606902 0.0
-0.36862195 0.0
-0.0244025 0.0
0.14828381 0.0
-0.19413185 0.0
0.17982204 0.0
-0.2095204 0.0
-0.19413185 0.0
-0.4278588 0.0
-0.16651537 0.0
0.0244025 0.0
-0.0244025 0.0
-0.06652357 0.0
-0.137188 0.0
0.2095204 0.0
-0.085167274 0.0
0.0 0.0
-0.25326023 0.0
0.16651537 0.0
0.14828381 0.0
0.2731062 0.0
-0.085167274 0.0
-0.137188 0.0
-0.0244025 0.0
0.16651537 0.0
0.14828381 0.0
0.4122328 0.0
0.25326023 0.0
0.045176826 0.0
-0.34208027 0.0
-0.16651537 0.0
0.2095204 0.0
-0.0244025 0.0
0.17982204 0.0
-0.2438652 0.0
-0.2438652 0.0
-0.17982204 0.0
-0.38263392 0.0
-0.46086693 0.0
-0.6672026 0.0
-0.25326023 0.0
-0.4963634 0.0
-0.137188 0.0
0.117275275 0.0
0.29444823 0.0
0.117275275 0.0
-0.06652357 0.0
-0.085167274 0.0
0.19413185 0.0
0.14828381 0.0
0.2731062 0.0
-0.16651537 0.0
-0.29444823 0.0
0.0 0.0
0.16651537 0.0
0.0 0.0
0.0 0.0
-0.14828381 0.0
0.045176826 0.0
0.22606902 0.0
0.3971645 0.0
0.5755856 0.0
0.4122328 0.0
0.14828381 0.0
0.06652357 0.0
-0.085167274 0.0
-0.25326023 0.0
-0.3971645 0.0
-0.35511 0.0
-0.25326023 0.0
0.0 0.0
0.14828381 0.0
0.44406304 0.0
0.61973023 0.0
0.4122328 0.0
0.34208027 0.0
0.53453577 0.0
0.38263392 0.0
0.4122328 0.0
0.5972571 0.0
0.29444823 0.0
0.0244025 0.0
-0.29444823 0.0
0.06652357 0.0
-0.2438652 0.0
-0.4122328 0.0
-0.44406304 0.0
-0.5972571 0.0
-0.28358334 0.0
-0.137188 0.0
-0.17982204 0.0
0.137188 0.0
-0.117275275 0.0
0.117275275 0.0
-0.16651537 0.0
0.16651537 0.0
0.3971645 0.0
0.085167274 0.0
0.35511 0.0
0.0 0.0
0.29444823 0.0
-0.137188 0.0
0.137188 0.0
-0.2438652 0.0
-0.35511 0.0
-0.29444823 0.0
-0.35511 0.0
-0.34208027 0.0
-0.44406304 0.0
-0.19413185 0.0
-0.4278588 0.0
-0.44406304 0.0
-0.64303535 0.0
-0.28358334 0.0
-0.28358334 0.0
-0.22606902 0.0
-0.045176826 0.0
-0.14828381 0.0
-0.34208027 0.0
-0.19413185 0.0
-0.47829273 0.0
-0.46086693 0.0
-0.085167274 0.0
-0.22606902 0.0
0.0 0.0
-0.137188 0.0
-0.137188 0.0
-0.36862195 0.0
-0.25326023 0.0
-0.4278588 0.0
-0.47829273 0.0
-0.22606902 0.0
-0.100056544 0.0
0.2095204 0.0
0.46086693 0.0
0.61973023 0.0
0.35511 0.0
0.2731062 0.0
0.14828381 0.0
-0.25326023 0.0
-0.045176826 0.0
0.29444823 0.0
0.045176826 0.0
0.137188 0.0
0.4122328 0.0
0.61973023 0.0
0.19413185 0.0
0.3971645 0.0
0.5972571 0.0
0.6922646 0.0
0.6672026 0.0
0.5972571 0.0
0.4963634 0.0
0.31739917 0.0
0.0 0.0
-0.117275275 0.0
-0.3295155 0.0
0.045176826 0.0
-0.31739917 0.0
-0.29444823 0.0
-0.045176826 0.0
-0.29444823 0.0
-0.117275275 0.0
-0.137188 0.0
-0.4278588 0.0
-0.2095204 0.0
-0.31739917 0.0
-0.55468786 0.0
-0.4278588 0.0
-0.34208027 0.0
0.0244025 0.0
-0.117275275 0.0
-0.38263392 0.0
-0.117275275 0.0
-0.3295155 0.0
-0.14828381 0.0
0.117275275 0.0
0.17982204 0.0
-0.2095204 0.0
-0.2095204 0.0
0.100056544 0.0
-0.0244025 0.0
0.117275275 0.0
0.34208027 0.0
0.0 0.0
0.34208027 0.0
-0.06652357 0.0
0.2438652 0.0
-0.06652357 0.0
0.2731062 0.0
0.06652357 0.0
-0.137188 0.0
0.16651537 0.0
0.34208027 0.0
0.117275275 0.0
-0.25326023 0.0
-0.35511 0.0
-0.25326023 0.0
-0.2095204 0.0
-0.34208027 0.0
-0.55468786 0.0
-0.6672026 0.0
-0.7182538 0.0
-0.3295155 0.0
0.0 0.0
0.0 0.0
0.0 0.0
0.0244025 0.0
0.06652357 0.0
0.36862195 0.0
0.4963634 0.0
0.3971645 0.0
0.4963634 0.0
0.19413185 0.0
0.085167274 0.0
-0.045176826 0.0
0.2438652 0.0
0.34208027 0.0
0.19413185 0.0
-0.045176826 0.0
-0.34208027 0.0
-0.44406304 0.0
-0.64303535 0.0
-0.6672026 0.0
-0.61973023 0.0
-0.46086693 0.0
-0.47829273 0.0
-0.6672026 0.0
-0.6922646 0.0
-0.44406304 0.0
-0.34208027 0.0
-0.16651537 0.0
0.100056544 0.0
0.22606902 0.0
0.2095204 0.0
-0.100056544 0.0
-0.28358334 0.0
-0.16651537 0.0
-0.34208027 0.0
-0.35511 0.0
-0.31739917 0.0
0.0244025 0.0
0.0 0.0
0.14828381 0.0
-0.2438652 0.0
-0.045176826 0.0
0.137188 0.0
-0.117275275 0.0
0.117275275 0.0
0.35511 0.0
0.5755856 0.0
0.47829273 0.0
0.64303535 0.0
0.31739917 0.0
0.2095204 0.0
-0.14828381 0.0
-0.22606902 0.0
0.117275275 0.0
0.4122328 0.0
0.2731062 0.0
0.29444823 0.0
0.47829273 0.0
0.6672026 0.0
0.44406304 0.0
0.0244025 0.0
-0.137188 0.0
-0.2438652 0.0
0.0 0.0
-0.34208027 0.0
0.085167274 0.0
0.3295155 0.0
0.22606902 0.0
-0.19413185 0.0
-0.4122328 0.0
-0.4963634 0.0
-0.47829273 0.0
-0.3295155 0.0
-0.045176826 0.0
0.19413185 0.0
0.17982204 0.0
-0.0244025 0.0
0.0 0.0
0.06652357 0.0
-0.117275275 0.0
-0.117275275 0.0
-0.38263392 0.0
-0.4122328 0.0
-0.31739917 0.0
-0.06652357 0.0
0.2438652 0.0
0.085167274 0.0
0.2731062 0.0
0.31739917 0.0
-0.117275275 0.0
0.100056544 0.0
-0.0244025 0.0
-0.14828381 0.0
-0.4278588 0.0
-0.17982204 0.0
-0.4122328 0.0
0.0 0.0
0.25326023 0.0
0.137188 0.0
-0.25326023 0.0
0.117275275 0.0
0.0 0.0
-0.28358334 0.0
-0.17982204 0.0
-0.3971645 0.0
-0.22606902 0.0
-0.2438652 0.0
-0.2095204 0.0
-0.44406304 0.0
-0.28358334 0.0
0.137188 0.0
0.3295155 0.0
0.0244025 0.0
-0.31739917 0.0
0.085167274 0.0
0.045176826 0.0
0.3295155 0.0
0.31739917 0.0
0.3295155 0.0
0.22606902 0.0
0.06652357 0.0
0.085167274 0.0
-0.100056544 0.0
-0.34208027 0.0
-0.35511 0.0
-0.100056544 0.0
-0.38263392 0.0
-0.46086693 0.0
-0.46086693 0.0
-0.22606902 0.0
-0.35511 0.0
-0.2095204 0.0
-0.47829273 0.0
-0.64303535 0.0
-0.64303535 0.0
-0.4122328 0.0
-0.5972571 0.0
-0.3295155 0.0
-0.085167274 0.0
-0.117275275 0.0
0.25326023 0.0
0.4963634 0.0
0.5972571 0.0
0.6922646 0.0
0.46086693 0.0
0.19413185 0.0
0.4122328 0.0
0.5755856 0.0
0.34208027 0.0
0.4963634 0.0
0.5972571 0.0
0.29444823 0.0
0.25326023 0.0
-0.117275275 0.0
0.0 0.0
0.34208027 0.0
0.0 0.0
-0.2438652 0.0
-0.22606902 0.0
0.06652357 0.0
-0.137188 0.0
0.0 0.0
-0.117275275 0.0
0.06652357 0.0
0.0 0.0
-0.0244025 0.0
0.2438652 0.0
-0.19413185 0.0
-0.2095204 0.0
-0.44406304 0.0
-0.4122328 0.0
-0.117275275 0.0
0.2438652 0.0
-0.06652357 0.0
0.2095204 0.0
0.36862195 0.0
0.46086693 0.0
0.17982204 0.0
0.0 0.0
0.2438652 0.0
0.31739917 0.0
0.22606902 0.0
0.4963634 0.0
0.3971645 0.0
0.4122328 0.0
0.4963634 0.0
0.085167274 0.0
-0.100056544 0.0
0.117275275 0.0
0.35511 0.0
-0.0244025 0.0
0.3295155 0.0
0.2438652 0.0
0.36862195 0.0
0.0 0.0
0.2731062 0.0
0.25326023 0.0
0.36862195 0.0
0.44406304 0.0
0.100056544 0.0
-0.22606902 0.0
0.045176826 0.0
0.117275275 0.0
-0.22606902 0.0
-0.3295155 0.0
-0.100056544 0.0
0.06652357 0.0
0.16651537 0.0
-0.16651537 0.0
0.2095204 0.0
0.4122328 0.0
0.31739917 0.0
0.53453577 0.0
0.6922646 0.0
0.3971645 0.0
0.16651537 0.0
0.3971645 0.0
0.5755856 0.0
0.4122328 0.0
0.4963634 0.0
0.46086693 0.0
0.16651537 0.0
-0.19413185 0.0
-0.16651537 0.0
-0.16651537 0.0
0.0 0.0
-0.137188 0.0
0.14828381 0.0
0.4122328 0.0
0.53453577 0.0
0.117275275 0.0
-0.0244025 0.0
0.137188 0.0
0.0 0.0
0.2731062 0.0
0.4963634 0.0
0.44406304 0.0
0.61973023 0.0
0.7731538 0.0
0.895681 0.0
0.92919815 0.0
0.83219206 0.0
0.7731538 0.0
0.35511 0.0
0.2095204 0.0
0.31739917 0.0
0.14828381 0.0
-0.117275275 0.0
-0.3295155 0.0
-0.4122328 0.0
-0.5972571 0.0
-0.2095204 0.0
-0.35511 0.0
-0.36862195 0.0
-0.22606902 0.0
0.0244025 0.0
0.0 0.0
-0.100056544 0.0
-0.2095204 0.0
-0.25326023 0.0
-0.35511 0.0
-0.2095204 0.0
-0.06652357 0.0
0.06652357 0.0
0.0 0.0
0.2438652 0.0
-0.0244025 0.0
0.34208027 0.0
0.2095204 0.0
0.47829273 0.0
0.22606902 0.0
-0.19413185 0.0
0.19413185 0.0
0.46086693 0.0
0.14828381 0.0
0.38263392 0.0
0.14828381 0.0
-0.2731062 0.0
-0.25326023 0.0
-0.17982204 0.0
-0.4122328 0.0
0.0 0.0
0.2731062 0.0
0.29444823 0.0
0.2731062 0.0
0.2731062 0.0
0.3295155 0.0
0.46086693 0.0
0.31739917 0.0
0.0 0.0
0.31739917 0.0
0.22606902 0.0
0.29444823 0.0
0.4122328 0.0
0.36862195 0.0
0.2731062 0.0
0.06652357 0.0
-0.06652357 0.0
-0.2438652 0.0
-0.4963634 0.0
-0.2438652 0.0
0.100056544 0.0
-0.22606902 0.0
-0.19413185 0.0
-0.35511 0.0
0.0 0.0
-0.045176826 0.0
-0.085167274 0.0
-0.2438652 0.0
0.137188 0.0
0.085167274 0.0
0.3971645 0.0
0.045176826 0.0
-0.137188 0.0
-0.46086693 0.0
-0.31739917 0.0
-0.2438652 0.0
-0.045176826 0.0
-0.19413185 0.0
-0.4122328 0.0
0.0 0.0
0.085167274 0.0
-0.06652357 0.0
-0.4122328 0.0
-0.47829273 0.0
-0.2095204 0.0
-0.06652357 0.0
0.2731062 0.0
-0.17982204 0.0
-0.085167274 0.0
0.28358334 0.0
-0.16651537 0.0
0.085167274 0.0
0.0 0.0
-0.29444823 0.0
-0.0244025 0.0
-0.25326023 0.0
-0.085167274 0.0
-0.4122328 0.0
-0.46086693 0.0
-0.5972571 0.0
-0.53453577 0.0
-0.61973023 0.0
-0.2438652 0.0
-0.3971645 0.0
-0.53453577 0.0
-0.61973023 0.0
-0.31739917 0.0
-0.2731062 0.0
-0.25326023 0.0
-0.16651537 0.0
0.2095204 0.0
0.14828381 0.0
0.2731062 0.0
0.100056544 0.0
-0.22606902 0.0
-0.16651537 0.0
-0.46086693 0.0
-0.16651537 0.0
0.0244025 0.0
0.36862195 0.0
0.22606902 0.0
0.3971645 0.0
0.53453577 0.0
0.5972571 0.0
0.4278588 0.0
0.47829273 0.0
0.5972571 0.0
0.2438652 0.0
0.4963634 0.0
0.5755856 0.0
0.17982204 0.0
-0.2438652 0.0
-0.36862195 0.0
-0.2438652 0.0
-0.2731062 0.0
-0.4122328 0.0
-0.29444823 0.0
-0.100056544 0.0
-0.17982204 0.0
0.100056544 0.0
0.117275275 0.0
0.0 0.0
0.34208027 0.0
-0.06652357 0.0
0.17982204 0.0
-0.19413185 0.0
0.22606902 0.0
-0.14828381 0.0
0.0244025 0.0
0.34208027 0.0
-0.06652357 0.0
-0.137188 0.0
-0.3971645 0.0
-0.19413185 0.0
-0.045176826 0.0
-0.100056544 0.0
-0.25326023 0.0
-0.3295155 0.0
-0.44406304 0.0
-0.085167274 0.0
0.17982204 0.0
-0.085167274 0.0
-0.14828381 0.0
-0.4122328 0.0
-0.5972571 0.0
-0.53453577 0.0
-0.14828381 0.0
-0.045176826 0.0
-0.3971645 0.0
-0.53453577 0.0
-0.55468786 0.0
-0.61973023 0.0
-0.5755856 0.0
-0.31739917 0.0
-0.22606902 0.0
-0.14828381 0.0
-0.137188 0.0
-0.28358334 0.0
0.0244025 0.0
0.28358334 0.0
0.44406304 0.0
0.51510286 0.0
0.6672026 0.0
0.31739917 0.0
0.117275275 0.0
-0.25326023 0.0
-0.16651537 0.0
-0.16651537 0.0
-0.16651537 0.0
-0.16651537 0.0
-0.4122328 0.0
-0.47829273 0.0
-0.4278588 0.0
-0.53453577 0.0
-0.61973023 0.0
-0.31739917 0.0
-0.36862195 0.0
-0.29444823 0.0
-0.0244025 0.0
0.045176826 0.0
-0.14828381 0.0
0.06652357 0.0
0.29444823 0.0
0.36862195 0.0
0.16651537 0.0
0.19413185 0.0
0.2731062 0.0
0.19413185 0.0
0.38263392 0.0
0.5755856 0.0
0.2095204 0.0
0.4122328 0.0
0.2438652 0.0
-0.137188 0.0
0.06652357 0.0
0.2095204 0.0
-0.2438652 0.0
0.0 0.0
0.29444823 0.0
0.4963634 0.0
0.2095204 0.0
0.16651537 0.0
-0.14828381 0.0
-0.045176826 0.0
0.06652357 0.0
-0.25326023 0.0
-0.35511 0.0
-0.5755856 0.0
-0.5755856 0.0
-0.4122328 0.0
-0.25326023 0.0
-0.44406304 0.0
-0.35511 0.0
0.06652357 0.0
-0.117275275 0.0
-0.25326023 0.0
-0.2731062 0.0
-0.045176826 0.0
0.22606902 0.0
-0.19413185 0.0
-0.3971645 0.0
-0.100056544 0.0
-0.35511 0.0
-0.29444823 0.0
0.137188 0.0
0.2438652 0.0
0.2095204 0.0
0.14828381 0.0
0.085167274 0.0
-0.22606902 0.0
0.14828381 0.0
-0.25326023 0.0
-0.17982204 0.0
0.085167274 0.0
0.2731062 0.0
0.51510286 0.0
0.3295155 0.0
0.4122328 0.0
0.4963634 0.0
0.4122328 0.0
0.19413185 0.0
0.137188 0.0
0.34208027 0.0
0.55468786 0.0
0.28358334 0.0
-0.17982204 0.0
-0.4122328 0.0
-0.44406304 0.0
-0.17982204 0.0
-0.46086693 0.0
-0.55468786 0.0
-0.61973023 0.0
-0.6922646 0.0
-0.35511 0.0
-0.25326023 0.0
-0.4122328 0.0
-0.46086693 0.0
-0.51510286 0.0
-0.117275275 0.0
-0.137188 0.0
-0.2095204 0.0
-0.47829273 0.0
-0.61973023 0.0
-0.64303535 0.0
-0.5972571 0.0
-0.3971645 0.0
-0.06652357 0.0
-0.25326023 0.0
0.16651537 0.0
0.085167274 0.0
0.16651537 0.0
0.100056544 0.0
-0.22606902 0.0
0.045176826 0.0
-0.045176826 0.0
-0.16651537 0.0
-0.36862195 0.0
-0.4122328 0.0
-0.19413185 0.0
-0.17982204 0.0
-0.3971645 0.0
-0.3971645 0.0
-0.35511 0.0
-0.100056544 0.0
0.22606902 0.0
0.3295155 0.0
-0.117275275 0.0
0.137188 0.0
0.2438652 0.0
0.22606902 0.0
0.045176826 0.0
-0.06652357 0.0
0.137188 0.0
0.22606902 0.0
-0.14828381 0.0
-0.28358334 0.0
-0.19413185 0.0
-0.19413185 0.0
0.2095204 0.0
0.46086693 0.0
0.16651537 0.0
0.4278588 0.0
0.117275275 0.0
-0.16651537 0.0
0.06652357 0.0
-0.17982204 0.0
0.137188 0.0
0.100056544 0.0
0.117275275 0.0
-0.28358334 0.0
-0.085167274 0.0
-0.117275275 0.0
-0.2731062 0.0
-0.2095204 0.0
0.2095204 0.0
-0.22606902 0.0
0.0 0.0
-0.19413185 0.0
-0.34208027 0.0
-0.4963634 0.0
-0.4278588 0.0
-0.5755856 0.0
-0.4963634 0.0
-0.28358334 0.0
0.0244025 0.0
0.2731062 0.0
0.14828381 0.0
-0.28358334 0.0
-0.17982204 0.0
-0.19413185 0.0
-0.38263392 0.0
-0.4278588 0.0
-0.5972571 0.0
-0.47829273 0.0
-0.35511 0.0
-0.4122328 0.0
-0.137188 0.0
-0.16651537 0.0
-0.28358334 0.0
-0.46086693 0.0
-0.117275275 0.0
-0.06652357 0.0
0.19413185 0.0
-0.06652357 0.0
0.06652357 0.0
-0.19413185 0.0
-0.045176826 0.0
-0.3295155 0.0
-0.36862195 0.0
-0.55468786 0.0
-0.7182538 0.0
-0.5972571 0.0
-0.35511 0.0
-0.137188 0.0
0.085167274 0.0
0.17982204 0.0
0.085167274 0.0
0.2438652 0.0
0.38263392 0.0
0.3295155 0.0
0.53453577 0.0
0.61973023 0.0
0.34208027 0.0
0.22606902 0.0
-0.17982204 0.0
0.14828381 0.0
-0.06652357 0.0
0.06652357 0.0
0.28358334 0.0
-0.137188 0.0
-0.100056544 0.0
0.22606902 0.0
-0.2095204 0.0
0.100056544 0.0
0.2731062 0.0
-0.100056544 0.0
0.0244025 0.0
-0.2438652 0.0
0.14828381 0.0
0.4122328 0.0
0.55468786 0.0
0.17982204 0.0
0.0 0.0
-0.14828381 0.0
-0.16651537 0.0
0.137188 0.0
-0.117275275 0.0
-0.3971645 0.0
-0.34208027 0.0
-0.55468786 0.0
-0.6922646 0.0
-0.7731538 0.0
-0.3971645 0.0
-0.06652357 0.0
-0.16651537 0.0
0.17982204 0.0
0.35511 0.0
0.0244025 0.0
0.22606902 0.0
-0.137188 0.0
-0.3295155 0.0
-0.17982204 0.0
0.100056544 0.0
0.3971645 0.0
0.06652357 0.0
-0.117275275 0.0
-0.117275275 0.0
-0.137188 0.0
-0.14828381 0.0
-0.38263392 0.0
-0.61973023 0.0
-0.2095204 0.0
-0.0244025 0.0
0.085167274 0.0
-0.19413185 0.0
-0.4122328 0.0
-0.4122328 0.0
-0.5972571 0.0
-0.44406304 0.0
-0.31739917 0.0
-0.34208027 0.0
0.085167274 0.0
-0.14828381 0.0
-0.14828381 0.0
0.0 0.0
0.16651537 0.0
0.17982204 0.0
-0.137188 0.0
-0.16651537 0.0
-0.44406304 0.0
-0.34208027 0.0
-0.5755856 0.0
-0.6672026 0.0
-0.4122328 0.0
-0.5972571 0.0
-0.5972571 0.0
-0.29444823 0.0
0.0244025 0.0
0.29444823 0.0
-0.14828381 0.0
-0.38263392 0.0
-0.14828381 0.0
-0.117275275 0.0
-0.045176826 0.0
0.0 0.0
0.137188 0.0
0.22606902 0.0
0.38263392 0.0
0.100056544 0.0
0.3971645 0.0
-0.06652357 0.0
0.0 0.0
0.28358334 0.0
-0.137188 0.0
-0.29444823 0.0
-0.4122328 0.0
-0.5755856 0.0
-0.46086693 0.0
-0.51510286 0.0
-0.4963634 0.0
-0.4963634 0.0
-0.34208027 0.0
-0.38263392 0.0
-0.117275275 0.0
0.137188 0.0
0.34208027 0.0
0.4963634 0.0
0.53453577 0.0
0.7182538 0.0
0.7731538 0.0
0.35511 0.0
0.34208027 0.0
0.36862195 0.0
0.36862195 0.0
0.46086693 0.0
0.4963634 0.0
0.44406304 0.0
0.38263392 0.0
0.5972571 0.0
0.4278588 0.0
0.2731062 0.0
-0.17982204 0.0
-0.31739917 0.0
-0.55468786 0.0
-0.7182538 0.0
-0.64303535 0.0
-0.7182538 0.0
-0.64303535 0.0
-0.7452051 0.0
-0.64303535 0.0
-0.4963634 0.0
-0.46086693 0.0
-0.44406304 0.0
-0.38263392 0.0
-0.045176826 0.0
-0.35511 0.0
0.045176826 0.0
0.0 0.0
-0.16651537 0.0
-0.14828381 0.0
0.100056544 0.0
-0.2731062 0.0
-0.47829273 0.0
-0.53453577 0.0
-0.35511 0.0
-0.36862195 0.0
-0.2438652 0.0
-0.46086693 0.0
-0.5755856 0.0
-0.7452051 0.0
-0.64303535 0.0
-0.7182538 0.0
-0.7452051 0.0
-0.51510286 0.0
-0.22606902 0.0
0.0 0.0
-0.25326023 0.0
-0.085167274 0.0
-0.2731062 0.0
-0.35511 0.0
-0.3971645 0.0
-0.29444823 0.0
-0.46086693 0.0
-0.14828381 0.0
-0.045176826 0.0
0.14828381 0.0
0.4122328 0.0
0.53453577 0.0
0.35511 0.0
-0.0244025 0.0
-0.36862195 0.0
-0.045176826 0.0
0.19413185 0.0
0.3971645 0.0
0.19413185 0.0
0.117275275 0.0
0.29444823 0.0
0.31739917 0.0
0.28358334 0.0
0.0 0.0
-0.2731062 0.0
-0.29444823 0.0
-0.25326023 0.0
-0.085167274 0.0
0.29444823 0.0
0.16651537 0.0
0.2438652 0.0
-0.0244025 0.0
-0.31739917 0.0
-0.045176826 0.0
0.16651537 0.0
-0.100056544 0.0
-0.22606902 0.0
0.100056544 0.0
-0.100056544 0.0
0.2731062 0.0
0.19413185 0.0
0.36862195 0.0
0.34208027 0.0
-0.085167274 0.0
0.100056544 0.0
-0.22606902 0.0
-0.2731062 0.0
-0.16651537 0.0
0.25326023 0.0
0.4963634 0.0
0.085167274 0.0
0.14828381 0.0
0.085167274 0.0
0.31739917 0.0
0.35511 0.0
0.0 0.0
0.137188 0.0
0.085167274 0.0
0.085167274 0.0
0.117275275 0.0
0.14828381 0.0
0.19413185 0.0
0.0 0.0
0.16651537 0.0
0.4278588 0.0
0.19413185 0.0
-0.19413185 0.0
0.14828381 0.0
-0.0244025 0.0
-0.085167274 0.0
0.2095204 0.0
0.34208027 0.0
0.44406304 0.0
0.51510286 0.0
0.5755856 0.0
0.2438652 0.0
0.085167274 0.0
0.36862195 0.0
0.117275275 0.0
-0.085167274 0.0
0.0244025 0.0
0.137188 0.0
0.2095204 0.0
0.17982204 0.0
0.46086693 0.0
0.4122328 0.0
0.3971645 0.0
0.4963634 0.0
0.14828381 0.0
0.100056544 0.0
-0.19413185 0.0
0.085167274 0.0
0.36862195 0.0
0.4122328 0.0
0.0 0.0
-0.34208027 0.0
-0.53453577 0.0
-0.6922646 0.0
-0.46086693 0.0
-0.61973023 0.0
-0.4278588 0.0
-0.51510286 0.0
-0.53453577 0.0
-0.137188 0.0
0.0244025 0.0
-0.35511 0.0
-0.2095204 0.0
-0.100056544 0.0
0.0244025 0.0
0.29444823 0.0
-0.06652357 0.0
-0.22606902 0.0
-0.35511 0.0
-0.25326023 0.0
-0.045176826 0.0
-0.29444823 0.0
-0.3295155 0.0
-0.4122328 0.0
-0.2731062 0.0
0.0 0.0
-0.117275275 0.0
-0.4122328 0.0
-0.5755856 0.0
-0.46086693 0.0
-0.2438652 0.0
0.137188 0.0
0.19413185 0.0
0.44406304 0.0
0.22606902 0.0
0.3295155 0.0
0.0244025 0.0
0.38263392 0.0
0.137188 0.0
-0.085167274 0.0
0.06652357 0.0
-0.25326023 0.0
-0.100056544 0.0
-0.085167274 0.0
