1.4226710700385924E-7 0.0
1.6229018655091503E-6 0.0
9.172627294533164E-6 0.0
3.472605407230283E-5 0.0
1.0040085856912023E-4 0.0
2.3916464665460577E-4 0.0
4.930878580086711E-4 0.0
9.09988278943435E-4 0.0
0.001539292786893786 0.0
0.0024277390930335374 0.0
0.00361536875662757 0.0
0.005132119524631006 0.0
0.006995207172821184 0.0
0.00920739172154473 0.0
0.011756147561814758 0.0
0.014613699208024996 0.0
0.017737841803457617 0.0
0.021073436014044773 0.0
0.024554448581687694 0.0
0.02810640075353487 0.0
0.0316490853940503 0.0
0.03509941830931924 0.0
0.038374298802338704 0.0
0.04139336751246049 0.0
0.04408156508978981 0.0
0.046371412269060934 0.0
0.0482049496194769 0.0
0.049535292962620686 0.0
0.05032777759186536 0.0
0.050560680525303 0.0
0.050225524713619504 0.0
0.049326982132132505 0.0
0.047882403825729294 0.0
0.045921014137340885 0.0
0.043482813494220354 0.0
0.04061723927107283 0.0
0.03738163746589779 0.0
0.033839599327182474 0.0
0.03005921680861141 0.0
0.02611130897550866 0.0
0.02206766844112957 0.0
0.017999372778573813 0.0
0.013975200849570928 0.0
0.01006018832910811 0.0
0.006314350594404786 0.0
0.0027915947883170814 0.0
-4.6116355207419593E-4 0.0
-0.003404670220445844 0.0
-0.0060077853862685595 0.0
-0.008247722580945114 0.0
-0.010110081397828992 0.0
-0.011588686240407478 0.0
-0.01268524735909586 0.0
-0.013408863624562471 0.0
-0.013775388971759953 0.0
-0.013806686210831864 0.0
-0.013529792953575316 0.0
-0.012976024777858478 0.0
-0.012180040491805082 0.0
-0.011178893520716689 0.0
-0.010011092087911708 0.0
-0.008715689068155705 0.0
-0.0073314202360322414 0.0
-0.005895907190810254 0.0
-0.004444938593853229 0.0
-0.003011840582635544 0.0
-0.0016269444020215783 0.0
-3.171564889627495E-4 0.0
8.943664744454549E-4 0.0
0.0019884376051334273 0.0
0.0029499574162476228 0.0
0.003767933581692658 0.0
0.0044354093764778346 0.0
0.0049493089069494655 0.0
0.0053102085466029065 0.0
0.00552204498347817 0.0
0.005591770964626595 0.0
0.005528970199415239 0.0
0.005345442970547046 0.0
0.005054773819248683 0.0
0.004671892243453362 0.0
0.004212636703108218 0.0
0.0036933313959379324 0.0
0.0031303842829900593 0.0
0.0025399137399814815 0.0
0.0019374100219305109 0.0
0.0013374364882364049 0.0
7.533742753521207E-4 0.0
1.9721285460467045E-4 0.0
-3.206122988456174E-4 0.0
-7.913348487982356E-4 0.0
-0.001207926540288643 0.0
-0.0015651218920366544 0.0
-0.0018594014366603783 0.0
-0.002088937026632109 0.0
-0.0022535033110120794 0.0
-0.0023543599384692813 0.0
-0.0023941093560683885 0.0
-0.002376535253940229 0.0
-0.002306426759215242 0.0
-0.002189393416876258 0.0
-0.002031675820931376 0.0
-0.001839956488639903 0.0
-0.0016211752168309142 0.0
-0.0013823527368885047 0.0
-0.001130426008471817 0.0
-8.720979763311596E-4 0.0
-6.137040742775755E-4 0.0
-3.610972095166084E-4 0.0
-1.1955241239691966E-4 0.0
1.0630819668240436E-4 0.0
3.125699790057256E-4 0.0
4.960602159951686E-4 0.0
6.543631714950579E-4 0.0
7.858169143751404E-4 0.0
8.894933628732053E-4 0.0
9.651632793804956E-4 0.0
0.001013248152349647 0.0
0.0010347610504826865 0.0
0.0010312386245020279 0.0
0.001004666466015398 0.0
9.574000147326198E-4 0.0
8.920831389753152E-4 0.0
8.115664051885418E-4 0.0
7.188269057428841E-4 0.0
6.168913368381357E-4 0.0
5.087638161525216E-4 0.0
3.973597094653062E-4 0.0
2.8544650317919305E-4 0.0
1.7559252163053767E-4 0.0
7.012405011072332E-5 0.0
-2.8908808001554894E-5 0.0
-1.1975743384342143E-4 0.0
-2.009912569845122E-4 0.0
-2.7150587186612325E-4 0.0
-3.3052316659606343E-4 0.0
-3.775840693403972E-4 0.0
-4.1253463822715216E-4 0.0
-4.355063157732769E-4 0.0
-4.46891238162865E-4 0.0
-4.4731353363768164E-4 0.0
-4.3759756374930155E-4 0.0
-4.187340576853488E-4 0.0
-3.9184506515211497E-4 0.0
-3.5814860954327553E-4 0.0
-3.1892386278508083E-4 0.0
-2.7547758894717493E-4 0.0
-2.2911251818568927E-4 0.0
-1.8109821862702716E-4 0.0
-1.3264493417097838E-4 0.0
-8.488075357248638E-5 0.0
-3.883237309802029E-5 0.0
4.590386093067736E-6 0.0
4.4606241780748186E-5 0.0
8.057032281643669E-5 0.0
1.119783602411672E-4 0.0
1.3846738281356354E-4 0.0
1.598131672328384E-4 0.0
1.7592474761367373E-4 0.0
1.8683633203140444E-4 0.0
1.9269700606792226E-4 0.0
1.9375862437410438E-4 0.0
1.9036230168605268E-4 0.0
1.8292391506600288E-4 0.0
1.719190201444924E-4 0.0
1.5786756673120944E-4 0.0
1.4131877437146734E-4 0.0
1.2283649737514175E-4 0.0
1.0298537271292278E-4 0.0
8.231800416380917E-5 0.0
6.13633934069458E-5 0.0
4.061678454852656E-5 0.0
2.0531043974149894E-5 0.0
1.5096534565834963E-6 0.0
-1.6098647927200588E-5 0.0
-3.200357747083499E-5 0.0
-4.597541932176297E-5 0.0
-5.784560607246488E-5 0.0
-6.750587464662695E-5 0.0
-7.490612402534107E-5 0.0
-8.005112198178495E-5 0.0
-8.299622279832442E-5 0.0
-8.384226795970464E-5 0.0
-8.272984718772964E-5 0.0
-7.983309813886424E-5 0.0
-7.535321994091003E-5 0.0
-6.951186888141676E-5 0.0
-6.254459441675726E-5 0.0
-5.469446072555997E-5 0.0
-4.6205983789068495E-5 0.0
-3.731949696298734E-5 0.0
-2.826603973013703E-5 0.0
-1.926284529930245E-5 0.0
-1.0509483429761937E-5 0.0
-2.184695768759977E-6 0.0
5.556057492778735E-6 0.0
1.2582338341598454E-5 0.0
1.8789773934370186E-5 0.0
2.4100431384301452E-5 0.0
2.8462566715064724E-5 0.0
3.184980126960731E-5 0.0
3.425978774171655E-5 0.0
3.571243479839911E-5 0.0
3.6247763985832585E-5 0.0
3.592347531203658E-5 0.0
3.481229866850374E-5 0.0
3.2999207220395506E-5 0.0
3.0578566220956465E-5 0.0
2.765128657582374E-5 0.0
2.4322047100986955E-5 0.0
2.0696643001130225E-5 0.0
1.687951086668646E-5 0.0
1.2971472673189135E-5 0.0
9.067733086577004E-6 0.0
5.256156045574379E-6 0.0
1.615838306988692E-6 0.0
-1.7840104146800201E-6 0.0
-4.88487874113776E-6 0.0
-7.639461506543616E-6 0.0
-1.001187582784535E-5 0.0
-1.1977602689789731E-5 0.0
-1.3523176248386783E-5 0.0
-1.4645647066648136E-5 0.0
-1.535184860914948E-5 0.0
-1.5657498535336364E-5 0.0
-1.558616766392565E-5 0.0
-1.516814996917572E-5 0.0
-1.443926666738979E-5 0.0
-1.3439636425779953E-5 0.0
-1.221244205401133E-5 0.0
-1.0802721808252797E-5 0.0
-9.25621074128055E-6 0.0
-7.618254466465434E-6 0.0
-5.932814365691842E-6 0.0
-4.241579757510688E-6 0.0
-2.5831989448901017E-6 0.0
-9.926374693848688E-7 0.0
4.993316087744083E-7 0.0
1.8665039345176988E-6 0.0
3.0874882432679105E-6 0.0
4.145823417645917E-6 0.0
5.029975258829698E-6 0.0
5.7332221973825755E-6 0.0
6.253440975515801E-6 0.0
6.592804753176599E-6 0.0
6.757407121388295E-6 0.0
6.756826154248667E-6 0.0
6.603642910421934E-6 0.0
6.312928727567154E-6 0.0
5.9017152668416745E-6 0.0
5.388460592394054E-6 0.0
4.7925236495572104E-6 0.0
4.133658375024394E-6 0.0
3.4315373740945678E-6 0.0
2.7053136762027753E-6 0.0
1.9732275721341574E-6 0.0
1.2522639850083852E-6 0.0
5.57864270669945E-7 0.0
-9.630518291744742E-8 0.0
-6.985266511357431E-7 0.0
-1.2391475294857629E-6 0.0
-1.7106412757327145E-6 0.0
-2.1076156844686562E-6 0.0
-2.426772314356636E-6 0.0
-2.6668217011888615E-6 0.0
-2.8283596362429142E-6 0.0
-2.91371026732301E-6 0.0
-2.926742091347537E-6 0.0
-2.8726630580155093E-6 0.0
-2.7578010027839948E-6 0.0
-2.5893754857080993E-6 0.0
-2.3752668445162593E-6 0.0
-2.1237878912995495E-6 0.0
-1.8434632093778329E-6 0.0
-1.542820458087847E-6 0.0
-1.230197486599902E-6 0.0
-9.135684115148951E-7 0.0
-6.003911445457262E-7 0.0
-2.974781828290195E-7 0.0
-1.0891810969570148E-8 0.0
2.5413577500551874E-7 0.0
4.932575134446575E-7 0.0
7.030423382603116E-7 0.0
8.809829983890301E-7 0.0
1.0254824119938775E-6 0.0
1.1358204968659877E-6 0.0
1.2121037118376027E-6 0.0
1.2551997645670835E-6 0.0
1.2666600893540041E-6 0.0
1.2486327768365042E-6 0.0
1.203768649080829E-6 0.0
1.1351231234934959E-6 0.0
1.0460564029983948E-6 0.0
9.401343746726071E-7 0.0
8.210324017810354E-7 0.0
6.924439625432937E-7 0.0
5.579958308527672E-7 0.0
4.2117121739524344E-7 0.0
2.85242001855397E-7 0.0
1.532108954904846E-7 0.0
2.7764085152918326E-8 0.0
-8.876536887658916E-8 0.0
-1.9442337255029896E-7 0.0
-2.8765011031623677E-7 0.0
-3.6728528503067736E-7 0.0
-4.325639334952253E-7 0.0
-4.831036292026528E-7 0.0
-5.18884016701886E-7 0.0
-5.402197233771217E-7 0.0
-5.477277644808035E-7 0.0
-5.42290596767169E-7 0.0
-5.250159864732331E-7 0.0
-4.971948406670245E-7 0.0
-4.6025810957050315E-7 0.0
-4.157338041805924E-7 0.0
-3.652050914499404E-7 0.0
-3.1027033173197334E-7 0.0
-2.525058135254311E-7 0.0
-1.9343182217103183E-7 0.0
-1.3448255539456793E-7 0.0
-7.698027266149191E-8 0.0
-2.2113940217999125E-8 0.0
2.9077487795128445E-8 0.0
7.571712718648682E-8 0.0
1.1709764274586225E-7 0.0
1.526843278794607E-7 0.0
1.8211405000206343E-7 0.0
2.051904000640074E-7 0.0
2.2187544459957414E-7 0.0
2.3227852512618507E-7 0.0
2.366425825836843E-7 0.0
2.3532850407104918E-7 0.0
2.287979959833349E-7 0.0
2.175954825878792E-7 0.0
2.023295131262765E-7 0.0
1.836541348762358E-7 0.0
1.6225065557269846E-7 0.0
1.3881017757717623E-7 0.0
1.140172396553994E-7 0.0
8.853485164706806E-8 0.0
6.299115413831295E-8 0.0
3.796788087623884E-8 0.0
1.3990747415123692E-8 0.0
-8.478163428181058E-9 0.0
-2.9045999212781946E-8 0.0
-4.7392745603226254E-8 0.0
-6.327291408781505E-8 0.0
-7.651541764129018E-8 0.0
-8.702177501062452E-8 0.0
-9.476281135795995E-8 0.0
-9.977404420220163E-8 0.0
-1.0214995892621585E-7 0.0
-1.0203738766129935E-7 0.0
-9.962820934878751E-8 0.0
-9.515158754301251E-8 0.0
-8.886595648568308E-8 0.0
-8.105095565054507E-8 0.0
-7.199949888923664E-8 0.0
-6.201014710669456E-8 0.0
-5.137993368442868E-8 0.0
-4.039777028851704E-8 0.0
-2.9338537876228932E-8 0.0
-1.8457944260818042E-8 0.0
-7.988206086152189E-9 0.0
1.8654099633919396E-9 0.0
1.092717395338987E-8 0.0
1.9052615396713305E-8 0.0
2.6129408683829835E-8 0.0
3.207746494614885E-8 0.0
3.684828865541831E-8 0.0
4.042366943688329E-8 0.0
4.281378923012096E-8 0.0
4.4054832042639816E-8 0.0
4.4206188140459536E-8 0.0
4.33473466941998E-8 0.0
4.157457078407185E-8 0.0
3.899744643937869E-8 0.0
3.5735393258758E-8 0.0
3.191421836441675E-8 0.0
2.766278824445461E-8 0.0
2.3109884701682665E-8 0.0
1.8381301929902E-8 0.0
1.3597231952764457E-8 0.0
8.869975551938737E-9 0.0
4.302005633254473E-9 0.0
-1.560003296869927E-11 0.0
-4.004349394483406E-9 0.0
-7.599151784965509E-9 0.0
-1.0748768775324593E-8 0.0
-1.3415917780060854E-8 0.0
-1.5577052498090916E-8 0.0
-1.7221849736164942E-8 0.0
-1.8352436548077732E-8 0.0
-1.8982394907719315E-8 0.0
-1.913558332811734E-8 0.0
-1.8844815975414963E-8 0.0
-1.815043996096775E-8 0.0
-1.7098850699677198E-8 0.0
-1.574098358697496E-8 0.0
-1.4130817871442988E-8 0.0
-1.2323925594846792E-8 0.0
-1.0376094952180737E-8 0.0
-8.342053509784028E-9 0.0
-6.274312528199966E-9 0.0
-4.222149283972581E-9 0.0
-2.230739881589125E-9 0.0
-3.404506965968183E-10 0.0
1.4137076121931622E-9 0.0
3.0024635557870365E-9 0.0
4.402509437026516E-9 0.0
5.596574151626898E-9 0.0
6.573354074813362E-9 0.0
7.327314392445678E-9 0.0
7.85837522204484E-9 0.0
8.171498380430746E-9 0.0
8.276191692763127E-9 0.0
8.18594831520102E-9 0.0
7.917638682163432E-9 0.0
7.490872419525661E-9 0.0
6.927346924187803E-9 0.0
6.250198341029646E-9 0.0
5.483369417215667E-9 0.0
4.651007230825979E-9 0.0
3.776902127013437E-9 0.0
2.883977401666058E-9 0.0
1.9938374002476254E-9 0.0
1.1263797964132856E-9 0.0
2.994759264852539E-10 0.0
-4.712787765173454E-10 0.0
-1.1727439447445943E-9 0.0
-1.7943443424299652E-9 0.0
-2.328113608352991E-9 0.0
-2.7686757319232224E-9 0.0
-3.1131694188883497E-9 0.0
-3.361121400582141E-9 0.0
-3.5142754334565037E-9 0.0
-3.576384223338218E-9 0.0
-3.5529717960044452E-9 0.0
-3.4510739310529952E-9 0.0
-3.2789641920895867E-9 0.0
-3.0458728385063705E-9 0.0
-2.7617055106429646E-9 0.0
-2.436768060880767E-9 0.0
-2.081503279521967E-9 0.0
-1.706244558184483E-9 0.0
-1.3209907671262272E-9 0.0
-9.352058182890184E-10 0.0
-5.576455640161547E-10 0.0
-1.9621386222424867E-10 0.0
1.4215115939687218E-10 0.0
4.515603683851652E-10 0.0
7.272268589942445E-10 0.0
9.654902326837574E-10 0.0
1.1638135818098453E-9 0.0
1.3207553215282322E-9 0.0
1.4359184199349906E-9 0.0
1.5098798930585163E-9 0.0
1.5441036590562486E-9 0.0
1.5408399864762087E-9 0.0
1.5030148281794102E-9 0.0
1.434112310576513E-9 0.0
1.3380535536927256E-9 0.0
1.2190748388587166E-9 0.0
1.0816079260311122E-9 0.0
9.301650609932217E-10 0.0
7.692309134611745E-10 0.0
6.031633600336723E-10 0.0
4.3610468048429495E-10 0.0
2.719043813040154E-10 0.0
1.1405450536536334E-10 0.0
-3.4362060846860944E-11 0.0
-1.7071010354036927E-10 0.0
-2.9282755384448987E-10 0.0
-3.9903833296416197E-10 0.0
-4.881532407958817E-10 0.0
-5.594597776404958E-10 0.0
-6.127019709774343E-10 0.0
-6.480514235049368E-10 0.0
-6.660709044405111E-10 0.0
-6.676718739508039E-10 0.0
-6.540673618916144E-10 0.0
-6.267216188614645E-10 0.0
-5.872979226018297E-10 0.0
-5.37605859222814E-10 0.0
-4.795493102053111E-10 0.0
-4.150762665296003E-10 0.0
-3.461314646852879E-10 0.0
-2.746126998814645E-10 0.0
-2.0233152362597844E-10 0.0
-1.3097887998873393E-10 0.0
-6.20960811170131E-11 0.0
2.94862852770487E-12 0.0
6.297781498006672E-11 0.0
1.1701693693939375E-10 0.0
1.6430092503123576E-10 0.0
2.0427552821411973E-10 0.0
2.3659379505458426E-10 0.0
2.6110813952583105E-10 0.0
2.7785850652541025E-10 0.0
2.8705720122183115E-10 0.0
2.890709787887632E-10 0.0
2.8440100758828815E-10 0.0
2.736613202619032E-10 0.0
2.5755635459739763E-10 0.0
2.368581608100285E-10 0.0
2.1238381553922147E-10 0.0
1.849735370833463E-10 0.0
1.5546994292751758E-10 0.0
1.2469883125577492E-10 0.0
9.345180466910203E-11 0.0
6.247098850085848E-11 0.0
3.2436029598069156E-11 0.0
3.95349577624794E-12 0.0
-2.2451267225221026E-11 0.0
-4.633982430227759E-11 0.0
-6.736394329605492E-11 0.0
-8.526659899337923E-11 0.0
-9.98808402414873E-11 0.0
-1.1112670835486269E-10 0.0
-1.190064246987527E-10 0.0
-1.2359808785803828E-10 0.0
-1.250481361793192E-10 0.0
-1.235628399045286E-10 0.0
-1.1939908893434048E-10 0.0
-1.1285473793092284E-10 0.0
-1.0425876055783241E-10 0.0
-9.396144980874592E-11 0.0
-8.232488230710233E-11 0.0
-6.971384191774722E-11 0.0
-5.648737277267405E-11 0.0
-4.29911046514102E-11 0.0
-2.95504653323951E-11 0.0
-1.6464865773187126E-11 0.0
-4.002915467256849E-12 0.0
7.601302311342272E-12 0.0
1.8150891869108356E-11 0.0
2.748776384410204E-11 0.0
3.5493254103623555E-11 0.0
4.2087804880337946E-11 0.0
4.722978669978201E-11 0.0
5.09135530862715E-11 0.0
5.316683036806367E-11 0.0
5.404755213864363E-11 0.0
5.3640252141418286E-11 0.0
5.205213066500118E-11 0.0
4.9408908155761764E-11 0.0
4.585057591003953E-11 0.0
4.152714767469156E-11 0.0
3.6594508064344297E-11 0.0
3.1210444219328716E-11 0.0
2.5530936413060493E-11 0.0
1.9706771707303966E-11 0.0
1.3880532578727595E-11 0.0
8.184000018436676E-12 0.0
2.735998237150609E-12 0.0
-2.3593039321992793E-12 0.0
-7.013631308383711E-12 0.0
-1.1155387361494586E-11 0.0
-1.4730002691247795E-11 0.0
-1.769987232394951E-11 0.0
-2.0043914529300576E-11 0.0
-2.1756789920567105E-11 0.0
-2.284782432702227E-11 0.0
-2.3339682310934834E-11 0.0
-2.3266840268415342E-11 0.0
-2.2673908857586568E-11 0.0
-2.1613854116739902E-11 0.0
-2.0146165168133965E-11 0.0
-1.833501396567097E-11 0.0
-1.6247449265748893E-11 0.0
-1.3951663018235935E-11 0.0
-1.1515362832233955E-11 0.0
-9.004279214308609E-12 0.0
-6.4808310487039434E-12 0.0
-4.002967428472122E-12 0.0
-1.6231985846138766E-12 0.0
6.121765815313426E-13 0.0
2.6636438699921544E-12 0.0
4.498850252832504E-12 0.0
6.092789919926283E-12 0.0
7.427810185223738E-12 0.0
8.493450825945087E-12 0.0
9.286133157472462E-12 0.0
9.808717301006946E-12 0.0
1.00699476744723E-11 0.0
1.0083807738331495E-11 0.0
9.868805477856108E-12 0.0
9.447211033734895E-12 0.0
8.844267344828375E-12 0.0
8.087393689153689E-12 0.0
7.2054006565958424E-12 0.0
6.22773341846601E-12 0.0
5.183758236582777E-12 0.0
4.1021050407993865E-12 0.0
3.0100766611476733E-12 0.0
1.933132989499282E-12 0.0
8.944560232851132E-13 0.0
-8.540053632611351E-14 0.0
-9.887756490103067E-13 0.0
-1.8010798363740292E-12 0.0
-2.5108910803774715E-12 0.0
-3.1099718678459728E-12 0.0
-3.593212995588804E-12 0.0
-3.95851097804846E-12 0.0
-4.2065868788525646E-12 0.0
-4.340755115872137E-12 0.0
-4.366651269066412E-12 0.0
-4.291928159590314E-12 0.0
-4.12592948024916E-12 0.0
-3.879350058459898E-12 0.0
-3.5638914439315818E-12 0.0
-3.1919209575544714E-12 0.0
-2.776141640730773E-12 0.0
-2.3292797321112764E-12 0.0
-1.863795398521917E-12 0.0
-1.3916214857976907E-12 0.0
-9.239340596328171E-13 0.0
-4.709575015259376E-13 0.0
-4.180593386931898E-14 0.0
3.556382074748534E-13 0.0
7.148085362468262E-13 0.0
1.0305029286578916E-12 0.0
1.298897247335534E-12 0.0
1.5175268903819212E-12 0.0
1.6852390303968448E-12 0.0
1.8021188525008375E-12 0.0
1.8693934360272384E-12 0.0
1.8893171523101416E-12 0.0
1.8650425739406896E-12 0.0
1.800480914194184E-12 0.0
1.7001559460971452E-12 0.0
1.5690551974134981E-12 0.0
1.4124819905310983E-12 0.0
1.2359116055973039E-12 0.0
1.04485450266986E-12 0.0
8.447291558090133E-13 0.0
6.407466406504423E-13 0.0
4.3780868853201695E-13 0.0
2.4042048567977935E-13 0.0
5.261906557161464E-14 0.0
-1.2208227420420623E-13 0.0
-2.8073349411156977E-13 0.0
-4.209716029827024E-13 0.0
-5.410293759837203E-13 0.0
-6.397299500538939E-13 0.0
-7.164684934241139E-13 0.0
-7.711823467918614E-13 0.0
-8.043111878376228E-13 0.0
-8.167488780952851E-13 0.0
-8.097887128711581E-13 0.0
-7.850638130223408E-13 0.0
-7.444843748606128E-13 0.0
-6.901734348458614E-13 0.0
-6.244027132392651E-13 0.0
-5.49529980093164E-13 0.0
-4.67939242743813E-13 0.0
-3.8198489138467315E-13 0.0
-2.9394076340293044E-13 0.0
-2.0595490294667795E-13 0.0
-1.2001060444938983E-13 0.0
-3.7894142081531894E-14 0.0
3.883059452936563E-14 0.0
1.0884051075604244E-13 0.0
1.7106487676716063E-13 0.0
2.2469031575279928E-13 0.0
2.691595986455837E-13 0.0
3.041647437975702E-13 0.0
3.2963501080708046E-13 0.0
3.457204482095234E-13 0.0
3.5277170499671333E-13 0.0
3.5131684631724435E-13 0.0
3.420359250608306E-13 0.0
3.257340545342289E-13 0.0
3.033137045999458E-13 0.0
2.7574690623060744E-13 0.0
2.440479993864355E-13 0.0
2.0924749854205485E-13 0.0
1.723675812420866E-13 0.0
1.3439962994675557E-13 0.0
9.628417830564156E-14 0.0
5.889353196194718E-14 0.0
2.3017253017479134E-14 0.0
-1.0649381795612685E-14 0.0
-4.151391474344976E-14 0.0
-6.909226861046306E-14 0.0
-9.301143660017197E-14 0.0
-1.1300945833434598E-13 0.0
-1.2893288897924454E-13 0.0
-1.407320094097886E-13 0.0
-1.4845405749350246E-13 0.0
-1.5223478397187553E-13 0.0
-1.5228865117654343E-13 0.0
-1.4889799926500121E-13 0.0
-1.42401503282237E-13 0.0
-1.3318223577726104E-13 0.0
-1.216556346685199E-13 0.0
-1.082576553906122E-13 0.0
-9.343336096143505E-14 0.0
-7.762617441756883E-14 0.0
-6.126798602480105E-14 0.0
-4.4770273720857097E-14 0.0
-2.8516360300862373E-14 0.0
-1.2854895778134618E-14 0.0
1.9053810539466632E-15 0.0
1.5499580842781514E-14 0.0
2.7709311636689486E-14 0.0
3.8364074932245045E-14 0.0
4.7341473521534596E-14 0.0
5.4566316847651864E-14 0.0
6.000872796253556E-14 0.0
6.368137081652673E-14 0.0
6.563592744850725E-14 0.0
6.595896173309834E-14 0.0
6.47673098024884E-14 0.0
6.220313729275533E-14 0.0
5.842880042819943E-14 0.0
5.3621641964148756E-14 0.0
4.796884451168297E-14 0.0
4.166245314921794E-14 0.0
3.4894666887200624E-14 0.0
2.7853484902911928E-14 0.0
2.0718778910634193E-14 0.0
1.3658847975619737E-14 0.0
6.827496896982033E-15 0.0
3.616643274588641E-16 0.0
-5.620387612334814E-15 0.0
-1.1020324047093508E-14 0.0
-1.5760442714567257E-14 0.0
-1.9783859545053337E-14 0.0
-2.3054209808075708E-14 0.0
-2.5554908435721915E-14 0.0
-2.7288019772928594E-14 0.0
-2.827279200533616E-14 0.0
-2.854391488702261E-14 0.0
-2.8149561181219073E-14 0.0
-2.7149272516831112E-14 0.0
-2.5611749259903262E-14 0.0
-2.361260163302095E-14 0.0
-2.123211583655182E-14 0.0
-1.8553084496863982E-14 0.0
-1.5658745560529453E-14 0.0
-1.2630867946786517E-14 0.0
-9.54801604007456E-15 0.0
-6.48401862326303E-15 0.0
-3.5066612857690635E-15 0.0
-6.766148439260965E-16 0.0
1.9533939747937958E-15 0.0
4.3391692808430864E-15 0.0
6.445395405062362E-15 0.0
8.245759081464177E-15 0.0
9.722858956478728E-15 0.0
1.0867920650187748E-14 0.0
1.1680338601250218E-14 0.0
1.2167068225021596E-14 0.0
1.2341893505773653E-14 0.0
1.2224596046728054E-14 0.0
1.1840051847819928E-14 0.0
1.1217281715103072E-14 0.0
1.0388480282344407E-14 0.0
9.38804720789855E-15 0.0
8.251642268019134E-15 0.0
7.015283875260059E-15 0.0
5.714508083751985E-15 0.0
4.3836024785121066E-15 0.0
3.054926558802742E-15 0.0
1.7583273881838742E-15 0.0
5.206564642281177E-16 0.0
-6.346089787618154E-16 0.0
-1.6876396244716064E-15 0.0
-2.6224244966098566E-15 0.0
-3.426842152609947E-15 0.0
-4.0926385903919215E-15 0.0
-4.615319465014552E-15 0.0
-4.993965569908318E-15 0.0
-5.230981589628765E-15 0.0
-5.331788877187127E-15 0.0
-5.304473455437285E-15 0.0
-5.15940060144201E-15 0.0
-4.9088072634396196E-15 0.0
-4.566383204901307E-15 0.0
-4.1468511959363145E-15 0.0
-3.6655558086098815E-15 0.0
-3.1380694512554254E-15 0.0
-2.5798232304107263E-15 0.0
-2.0057690907371176E-15 0.0
-1.4300784858920077E-15 0.0
-8.65881608367197E-16 0.0
-3.2504998354957394E-16 0.0
1.819759598368675E-16 0.0
6.463138694908555E-16 0.0
1.0607215888750825E-15 0.0
1.4196359741373053E-15 0.0
1.7191708263340825E-15 0.0
1.957077096372513E-15 0.0
2.1326691321680404E-15 0.0
2.2467212178705273E-15 0.0
2.3013390028070328E-15 0.0
2.2998106352564402E-15 0.0
2.2464425083115022E-15 0.0
2.1463844993518087E-15 0.0
2.0054494505962853E-15 0.0
1.8299314070962703E-15 0.0
1.6264268129753034E-15 0.0
1.4016624802734732E-15 0.0
1.1623337015368608E-15 0.0
9.149553916384172E-16 0.0
6.657286304259947E-16 0.0
4.2042444942408818E-16 0.0
1.8428617600635102E-16 0.0
-3.804887071510764E-17 0.0
-2.4260803565087333E-16 0.0
-4.26122504966883E-16 0.0
-5.860476017369561E-16 0.0
-7.2056517810708435E-16 0.0
-8.285694121111673E-16 0.0
-9.096375926613224E-16 0.0
-9.639876948927862E-16 0.0
-9.92424709350009E-16 0.0
-9.962777931761663E-16 0.0
-9.773303614569446E-16 0.0
-9.37745235202623E-16 0.0
-8.799869130980379E-16 0.0
-8.0674294185124605E-16 0.0
-7.20846230081186E-16 0.0
-6.251999889969355E-16 0.0
-5.227067957083236E-16 0.0
-4.1620306806088225E-16 0.0
-3.0840001956889564E-16 0.0
-2.0183193532337382E-16 0.0
-9.88123803824895E-17 0.0
-1.3987264193877789E-18 0.0
8.863483487075258E-17 0.0
1.698158276511021E-16 0.0
2.4098380132890525E-16 0.0
3.012928064532846E-16 0.0
3.502065771998594E-16 0.0
3.8748708419421003E-16 0.0
4.131772206984493E-16 0.0
4.2757845966646396E-16 0.0
4.3122436906734685E-16 0.0
4.2485089892668786E-16 0.0
4.0936435696737474E-16 0.0
3.8580797218873513E-16 0.0
3.553279091974095E-16 0.0
3.1913954286472824E-16 0.0
2.784947354079338E-16 0.0
2.3465077888410644E-16 0.0
1.888415780182429E-16 0.0
1.422515539318071E-16 0.0
9.599265130523922E-17 0.0
5.1084732291893656E-17 0.0
8.439542433134723E-18 0.0
-3.115166096702432E-17 0.0
-6.702681717210751E-17 0.0
-9.865818903526552E-17 0.0
-1.2565406536930502E-16 0.0
-1.4775726076939964E-16 0.0
-1.6484069044461483E-16 0.0
-1.769003425763714E-16 0.0
-1.840460049768925E-16 0.0
-1.8649012640930516E-16 0.0
-1.8453520613203893E-16 0.0
-1.7856010853559418E-16 0.0
-1.6900569382786885E-16 0.0
-1.563601414298843E-16 0.0
-1.4114432102765206E-16 0.0
-1.2389753814334925E-16 0.0
-1.0516394775874224E-16 0.0
-8.547989209815599E-17 0.0
-6.536237831433196E-17 0.0
-4.5298869653690344E-17 0.0
-2.5738520797591323E-17 0.0
-7.084945506152711E-18 0.0
1.0309436630833441E-17 0.0
2.6147466766764146E-17 0.0
4.0189755546950355E-17 0.0
5.225569588358001E-17 0.0
6.222307069763506E-17 0.0
7.002637139100441E-17 0.0
7.565396313068694E-17 0.0
7.914424872540477E-17 0.0
8.058099395002607E-17 0.0
8.008798372649252E-17 0.0
7.782318079744915E-17 0.0
7.397255670928865E-17 0.0
6.874375940386637E-17 0.0
6.235977290872388E-17 0.0
5.5052712963761663E-17 0.0
4.705788840742931E-17 0.0
3.8608242264056846E-17 0.0
2.992926922673507E-17 0.0
2.123448811072112E-17 0.0
1.2721529336403146E-17 0.0
4.568879036876224E-18 0.0
-3.0666966136654843E-18 0.0
-1.0052040416997283E-17 0.0
-1.627881608169631E-17 0.0
-2.1664067204395347E-17 0.0
-2.6150160352758788E-17 0.0
-2.970416039647501E-17 0.0
-3.2316695395699044E-17 0.0
-3.400037552764106E-17 0.0
-3.478783570092216E-17 0.0
-3.4729474709483003E-17 0.0
-3.3890965090532124E-17 0.0
-3.23506073883624E-17 0.0
-3.0196600433376576E-17 0.0
-2.7524295694622822E-17 0.0
-2.443349894574612E-17 0.0
-2.102587660379114E-17 0.0
-1.7402517371404224E-17 0.0
-1.3661692452242099E-17 0.0
-9.896849831167507E-18 0.0
-6.194870122582782E-18 0.0
-2.634603488465221E-18 0.0
7.143007058738097E-19 0.0
3.792267331410589E-18 0.0
6.55037488805755E-18 0.0
8.950650133507241E-18 0.0
1.0966092958358748E-17 0.0
1.2580451469701307E-17 0.0
1.3787771369664904E-17 0.0
1.4591746981834754E-17 0.0
1.500490367835001E-17 0.0
1.5047643005673742E-17 0.0
1.474718252755765E-17 0.0
1.41364223460947E-17 0.0
1.3252769486464906E-17 0.0
1.2136949910150862E-17 0.0
1.0831835936245489E-17 0.0
9.38131438877803E-18 0.0
7.829217941617204E-18 0.0
6.218338995043192E-18 0.0
4.5895420825413296E-18 0.0
2.9809873631846505E-18 0.0
1.4274742901167896E-18 0.0
-4.008886095418225E-20 0.0
-1.395087195158705E-18 0.0
-2.6154738066539947E-18 0.0
-3.6839202958498506E-18 0.0
-4.587849236698254E-18 0.0
-5.319356842361749E-18 0.0
-5.875035930581985E-18 0.0
-6.2557107738872824E-18 0.0
-6.4660965289746484E-18 0.0
-6.514396677621987E-18 0.0
-6.411852289898082E-18 0.0
-6.172256958053293E-18 0.0
-5.8114509713722396E-18 0.0
-5.34680773875524E-18 0.0
-4.79672465131383E-18 0.0
-4.180129549312624E-18 0.0
-3.516012755829777E-18 0.0
-2.822993303934746E-18 0.0
-2.1189265553334492E-18 0.0
-1.420558925683697E-18 0.0
-7.432339327364071E-19 0.0
-1.0065230321622577E-19 0.0
4.953125550710832E-19 0.0
1.0347437596013393E-18 0.0
1.5097561281302027E-18 0.0
1.9145197349771487E-18 0.0
2.2452352438208047E-18 0.0
2.5000652433447287E-18 0.0
2.6790264844720025E-18 0.0
2.7838484284974068E-18 0.0
2.817803864945615E-18 0.0
2.785517550810156E-18 0.0
2.6927588665265884E-18 0.0
2.5462243889635196E-18 0.0
2.353316060582752E-18 0.0
2.121920301312006E-18 0.0
1.860192981586105E-18 0.0
1.576354668380825E-18 0.0
1.278499988309404E-18 0.0
9.744243404518298E-19 0.0
6.714705536746464E-19 0.0
3.7639743520271203E-19 0.0
9.527151453050571E-20 0.0
-1.6661733647680694E-19 0.0
-4.0481631764226606E-19 0.0
-6.157466072896545E-19 0.0
-7.967177165740448E-19 0.0
-9.459206829448777E-19 0.0
-1.062401866530043E-18 0.0
-1.1460194172400936E-18 0.0
-1.197384714557242E-18 0.0
-1.2177912463181932E-18 0.0
-1.2091334889226597E-18 0.0
-1.1738183823197124E-18 0.0
-1.1146719631042778E-18 0.0
-1.0348436334109206E-18 0.0
-9.377104081886395E-19 0.0
-8.267833056939494E-19 0.0
-7.056178329100585E-19 0.0
-5.777302765944857E-19 0.0
-4.46521249341592E-19 0.0
-3.1520766586904905E-19 0.0
-1.8676404487086473E-19 0.0
-6.387375297966025E-20 0.0
5.110946413520565E-20 0.0
1.561895771595873E-19 0.0
2.4974614956682357E-19 0.0
3.305423687427247E-19 0.0
3.9772379944614173E-19 0.0
4.50808593654872E-19 0.0
4.896700280092713E-19 0.0
5.145123471106371E-19 0.0
5.258409677314092E-19 0.0
5.244281461156478E-19 0.0
5.112752291846407E-19 0.0
4.875726023601106E-19 0.0
4.546584140937964E-19 0.0
4.1397710264988736E-19 0.0
3.6703867712574974E-19 0.0
3.153796152254961E-19 0.0
2.6052613815197412E-19 0.0
2.039605114280018E-19 0.0
1.4709090273296022E-19 0.0
9.122520707519738E-20 0.0
3.7549128773724153E-20 0.0
-1.2891308469299989E-20 0.0
-5.920276519266938E-20 0.0
-1.0065315106536803E-19 0.0
-1.3667589526767808E-19 0.0
-1.6687015263658927E-19 0.0
-1.9099725014467779E-19 0.0
-2.0897374004485732E-19 0.0
-2.208614748014222E-19 0.0
-2.2685515462562625E-19 0.0
-2.272678212311698E-19 0.0
-2.225147817879274E-19 0.0
-2.1309644569297522E-19 0.0
-1.9958054461906347E-19 0.0
-1.8258418443849719E-19 0.0
-1.6275614728710967E-19 0.0
-1.4075982455842977E-19 0.0
-1.1725711839220625E-19 0.0
-9.28936016582858E-20 0.0
-6.828517594096443E-20 0.0
-4.4006414964254275E-20 0.0
-2.0580728560605896E-20 0.0
1.5275691223206977E-21 0.0
2.191925286961338E-20 0.0
4.02642531993643E-20 0.0
5.630385141359253E-20 0.0
6.985109572201105E-20 0.0
8.078956438699987E-20 0.0
8.90706295985787E-20 0.0
9.470939796395508E-20 0.0
9.777952001128186E-20 0.0
9.840707201918572E-20 0.0
9.676371897222301E-20 0.0
9.305936779631947E-20 0.0
8.753451563013055E-20 0.0
8.045248919903796E-20 0.0
7.209175890096288E-20 0.0
6.273849555547242E-20 0.0
5.267951950699879E-20 0.0
4.2195771519957605E-20 0.0
3.1556413267279426E-20 0.0
2.1013642788394665E-20 0.0
1.0798287644705597E-20 0.0
1.1162161586238636E-21 0.0
-7.854414432201923E-21 0.0
-1.596507441376627E-20 0.0
-2.30979628942825E-20 0.0
-2.916633110226117E-20 0.0
-3.411407957428117E-20 0.0
-3.7914693578473146E-20 0.0
-4.056959117419628E-20 0.0
-4.210596591704588E-20 0.0
-4.2574211395377656E-20 0.0
-4.204501759802732E-20 0.0
-4.060622967910963E-20 0.0
-3.8359558162893184E-20 0.0
-3.5417226213118E-20 0.0
-3.189863449822083E-20 0.0
-2.792711765920112E-20 0.0
-2.3626858686642034E-20 0.0
-1.9120018901091527E-20 0.0
-1.4524131970568714E-20 0.0
-9.949800748910618E-21 0.0
-5.498725926665505E-21 0.0
-1.2620857842879008E-21 0.0
2.6807230621737033E-21 0.0
6.2629829405399766E-21 0.0
9.431197697035324E-21 0.0
1.2145295295981351E-20 0.0
1.4378511734524717E-20 0.0
1.6116983141994117E-20 0.0
1.735907748164601E-20 0.0
1.8114500764905103E-20 0.0
1.8403215126167932E-20 0.0
1.825420751496183E-20 0.0
1.770414818822096E-20 0.0
1.6795977693805748E-20 0.0
1.5577459708074196E-20 0.0
1.409973501898039E-20 0.0
1.2415909235153974E-20 0.0
1.0579703560620559E-20 0.0
8.644194317778915E-21 0.0
6.66066294224446E-21 0.0
4.677574024614433E-21 0.0
2.739694744251797E-21 0.0
8.873648305767118E-22 0.0
-8.440779083506128E-22 0.0
-2.4247153481123646E-21 0.0
-3.830312586400155E-21 0.0
-5.042433038029844E-21 0.0
-6.0484137806220475E-21 0.0
-6.841212340715887E-21 0.0
-7.419138163059458E-21 0.0
-7.78548360342347E-21 0.0
-7.948070426069509E-21 0.0
-7.918728479956145E-21 0.0
-7.712723491303223E-21 0.0
-7.348150770975322E-21 0.0
-6.845311127072448E-21 0.0
-6.226084435676221E-21 0.0
-5.5133151998720095E-21 0.0
-4.7302230660316215E-21 0.0
-3.8998497157788435E-21 0.0
-3.0445518615132688E-21 0.0
-2.1855482916790535E-21 0.0
-1.3425270863199238E-21 0.0
-5.333172984483063E-22 0.0
2.263723864435192E-22 0.0
9.23147204685147E-22 0.0
1.546052867365341E-21 0.0
2.086637350672184E-21 0.0
2.538951455147989E-21 0.0
2.8994927799754038E-21 0.0
3.167098683248828E-21 0.0
3.3427945278009647E-21 0.0
3.429604043017159E-21 0.0
3.4323289692331E-21 0.0
3.3573052999937473E-21 0.0
3.2121434095585277E-21 0.0
3.0054591626346336E-21 0.0
2.746602767072795E-21 0.0
2.4453916668609622E-21 0.0
2.1118532023440696E-21 0.0
1.7559821082105175E-21 0.0
1.3875171987886704E-21 0.0
1.0157408257937737E-21 0.0
6.493039064286874E-22 0.0
2.9607852919286395E-22 0.0
-3.696063099529608E-23 0.0
-3.438256013079416E-22 0.0
-6.195753149990648E-22 0.0
-8.603475836702723E-22 0.0
-1.0633642635146776E-21 0.0
-1.2269115383550413E-21 0.0
-1.3502976581428951E-21 0.0
-1.4337908029622566E-21 0.0
-1.4785399884255562E-21 0.0
-1.486482089614309E-21 0.0
-1.4602381401948626E-21 0.0
-1.4030020654574618E-21 0.0
-1.3184249386229582E-21 0.0
-1.2104977158454021E-21 0.0
-1.0834352148442375E-21 0.0
-9.415638636351964E-22 0.0
-7.8921546843127625E-22 0.0
-6.306289426834347E-22 0.0
-4.698616116227578E-22 0.0
-3.107113675131498E-22 0.0
-1.5665060866643175E-22 0.0
-1.0772558068510623E-23 0.0
1.2424976754300408E-22 0.0
2.4619197370815067E-22 0.0
3.5329440722255354E-22 0.0
4.442665495308329E-22 0.0
5.182804774203583E-22 0.0
5.749543705592626E-22 0.0
6.143271957504639E-22 0.0
6.36825811138186E-22 0.0
6.43225810256371E-22 0.0
6.346074668109642E-22 0.0
6.123081482264443E-22 0.0
5.778725416764647E-22 0.0
5.330019835010483E-22 0.0
4.795041049505996E-22 0.0
4.192439077644857E-22 0.0
3.5409726606896377E-22 0.0
2.8590772044789605E-22 0.0
2.164472897865255E-22 0.0
1.4738188051418457E-22 0.0
8.024172490924389E-23 0.0
1.6397133672838283E-23 0.0
-4.2960293778964465E-23 0.0
-9.683099206696034E-23 0.0
-1.4441540061625493E-22 0.0
-1.8511680957251045E-22 0.0
-2.185394064965735E-22 0.0
-2.444819331129727E-22 0.0
-2.629274294233841E-22 0.0
-2.740295945721527E-22 0.0
-2.7809633000514165E-22 0.0
-2.755710510901877E-22 0.0
-2.67012359182662E-22 0.0
-2.530726581186392E-22 0.0
-2.344762785329333E-22 0.0
-2.119976416522728E-22 0.0
-1.8643995287161995E-22 0.0
-1.5861486614811744E-22 0.0
-1.2932350475898159E-22 0.0
-9.933916399325083E-23 0.0
-6.939195857908296E-23 0.0
-4.015561371871244E-23 0.0
-1.2236535044853274E-23 0.0
1.3834768967107996E-23 0.0
3.7609897337000786E-23 0.0
5.872643947891516E-23 0.0
7.690962002366836E-23 0.0
9.197183868923778E-23 0.0
1.0381027574886712E-22 0.0
1.1240276437126645E-22 0.0
1.1780215494728016E-22 0.0
1.2012941345783268E-22 0.0
1.1956570612112377E-22 0.0
1.1634372626700172E-22 0.0
1.107385170318964E-22 0.0
1.0305803556325027E-22 0.0
9.363369156888246E-23 0.0
8.2811075911084E-23 0.0
7.09410742403949E-23 0.0
5.83715371292732E-23 0.0
4.543965254822474E-23 0.0
3.2465139563637924E-23 0.0
1.974435453908833E-23 0.0
7.545373561956788E-24 0.0
-3.895912085394959E-24 0.0
-1.437867627816929E-23 0.0
-2.3739027078252665E-23 0.0
-3.185089916211597E-23 0.0
-3.8626023790703433E-23 0.0
-4.401304718470587E-23 0.0
-4.7995882015744096E-23 0.0
-5.05913876038302E-23 0.0
-5.1846482304001355E-23 0.0
-5.183479651921971E-23 0.0
-5.065297690414061E-23 0.0
-4.8416751792175064E-23 0.0
-4.5256864900795883E-23 0.0
-4.1314979200573774E-23 0.0
-3.673964575554455E-23 0.0
-3.1682423661300855E-23 0.0
-2.629422724078236E-23 0.0
-2.0721965729047337E-23 0.0
-1.5105529107455096E-23 0.0
-9.575161844933996E-24 0.0
-4.2492543635066744E-24 0.0
7.674296603818856E-25 0.0
5.385083271360426E-24 0.0
9.529747125858703E-24 0.0
1.3143774579205094E-23 0.0
1.6185892859260843E-23 0.0
1.863088967623848E-23 0.0
2.0468960847229567E-23 0.0
2.1704759465151756E-23 0.0
2.2356190800675742E-23 0.0
2.2452999507877064E-23 0.0
2.2035196853193943E-23 0.0
2.115137567064544E-23 0.0
1.9856959653223573E-23 0.0
1.821243152751087E-23 0.0
1.6281581746282636E-23 0.0
1.4129815702552842E-23 0.0
1.1822553254955482E-23 0.0
9.423749698011859E-24 0.0
6.99456235060045E-24 0.0
4.5921818070000655E-24 0.0
2.2688417259257122E-24 0.0
7.101594383774999E-26 0.0
-1.9611932016228076E-24 0.0
-3.79447606758709E-24 0.0
-5.402551398540813E-24 0.0
-6.766225304874965E-24 0.0
-7.873285640234108E-24 0.0
-8.718246687469272E-24 0.0
-9.301961310338576E-24 0.0
-9.631119416842258E-24 0.0
-9.717652714578972E-24 0.0
-9.578066335306467E-24 0.0
-9.232717992410514E-24 0.0
-8.705064948101019E-24 0.0
-8.020898251622586E-24 0.0
-7.207582516626161E-24 0.0
-6.293317990783639E-24 0.0
-5.306439892459557E-24 0.0
-4.2747680079826425E-24 0.0
-3.225017418990095E-24 0.0
-2.182279021299941E-24 0.0
-1.1695762610708028E-24 0.0
-2.075023032476157E-25 0.0
6.860602904867738E-25 0.0
1.4961373190878501E-24 0.0
2.2107799491397784E-24 0.0
2.8211044719745142E-24 0.0
3.321259790284797E-24 0.0
3.7083288674376284E-24 0.0
3.9821713903209716E-24 0.0
4.145215672949955E-24 0.0
4.2022083640340356E-24 0.0
4.159930823447171E-24 0.0
4.0268911110539565E-24 0.0
3.813000401836527E-24 0.0
3.529242322492753E-24 0.0
3.1873432182376545E-24 0.0
2.7994507281831253E-24 0.0
2.3778272985865127E-24 0.0
1.9345644214027912E-24 0.0
1.4813224770250698E-24 0.0
1.029100110453937E-24 0.0
5.880361039780921E-25 0.0
1.6724574986023616E-25 0.0
-2.2530720531807084E-25 0.0
-5.829028581505351E-25 0.0
-9.001223232556568E-25 0.0
-1.1728711661162722E-24 0.0
-1.3983711317792526E-24 0.0
-1.575122768477024E-24 0.0
-1.702842005009417E-24 0.0
-1.782374096415634E-24 0.0
-1.8155886039555404E-24 0.0
-1.8052592249537615E-24 0.0
-1.7549323400181643E-24 0.0
-1.6687881057765438E-24 0.0
-1.5514977984195306E-24 0.0
-1.4080809161215997E-24 0.0
-1.2437652869486332E-24 0.0
-1.0638531139448608E-24 0.0
-8.735955319054781E-25 0.0
-6.780778621693427E-25 0.0
-4.821173437357445E-25 0.0
-2.9017470184927984E-25 0.0
-1.0628049902617882E-25 0.0
6.602319235932041E-26 0.0
2.237256439648245E-25 0.0
3.6437506101351697E-25 0.0
4.860914455688143E-25 0.0
5.875655633934884E-25 0.0
6.680450950384759E-25 0.0
7.273092591127595E-25 0.0
7.65633358122346E-25 0.0
7.837448145777111E-25 0.0
7.827723380382142E-25 0.0
7.641898941142217E-25 0.0
7.297571367397933E-25 0.0
6.814579185280678E-25 0.0
6.214384145778213E-25 0.0
5.519462870142662E-25 0.0
4.752721854410165E-25 0.0
3.9369472716534684E-25 0.0
3.094299354153212E-25 0.0
2.2458593862738867E-25 0.0
1.411235539258405E-25 0.0
6.082319757310256E-26 0.0
-1.47416114542947E-26 0.0
-8.422405780778216E-26 0.0
-1.4651720758607717E-25 0.0
-2.0076076425517867E-25 0.0
-2.463417386515401E-25 0.0
-2.82889480977441E-25 0.0
-3.102656159892812E-25 0.0
-3.285494965466448E-25 0.0
-3.380198451318031E-25 0.0
-3.3913328812150855E-25 0.0
-3.3250050416700653E-25 0.0
-3.1886070705475946E-25 0.0
-2.990551662375176E-25 0.0
-2.7400043646378903E-25 0.0
-2.4466192342022563E-25 0.0
-2.1202835701180073E-25 0.0
-1.7708767990787873E-25 0.0
-1.4080478838662638E-25 0.0
-1.0410148741262306E-25 0.0
-6.783894432208238E-26 0.0
-3.280284740639037E-26 0.0
3.086011184680754E-28 0.0
3.0893802153922404E-26 0.0
5.8454000689129E-26 0.0
8.259672853219692E-26 0.0
1.0303658392933023E-25 0.0
1.1959353308133812E-25 0.0
1.3218896047448751E-25 0.0
1.4083972853529178E-25 0.0
1.4565053227027384E-25 0.0
1.4680485133605157E-25 0.0
1.4455481065969442E-25 0.0
1.3921026171524797E-25 0.0
1.3112739042233162E-25 0.0
1.206971450476717E-25 0.0
1.083337592350224E-25 0.0
9.446362220699117E-26 0.0
7.951472116250718E-26 0.0
6.390685084607337E-26 0.0
4.804275309871631E-26 0.0
3.2300315803568656E-26 0.0
1.702592685941557E-26 0.0
2.5290454455493274E-27 0.0
-1.0921979396383028E-26 0.0
-2.3102843301043217E-26 0.0
-3.3835002811602473E-26 0.0
-4.2986227227837363E-26 0.0
-5.047006219492956E-26 0.0
-5.624429995119234E-26 0.0
-6.030856637212881E-26 0.0
-6.270114652129842E-26 0.0
-6.349517836139053E-26 0.0
-6.279434868843358E-26 0.0
-6.072822639742403E-26 0.0
-5.744736610118945E-26 0.0
-5.311831019142236E-26 0.0
-4.791860997954715E-26 0.0
-4.2031976945356826E-26 0.0
-3.564366373450308E-26 0.0
-2.8936161774399016E-26 0.0
-2.208528861577949E-26 0.0
-1.5256723740353043E-26 0.0
-8.60303697423208E-27 0.0
-2.2612391597956246E-27 0.0
3.64912931604791E-27 0.0
9.027369876950821E-27 0.0
1.379246710930764E-26 0.0
1.788342142929694E-26 0.0
2.1259104252527764E-26 0.0
2.3897675268479798E-26 0.0
2.5795608301489694E-26 0.0
2.6966377546079613E-26 0.0
2.743885969679773E-26 0.0
2.7255509686856464E-26 0.0
2.6470368473182496E-26 0.0
2.5146960653596487E-26 0.0
2.3356137794080875E-26 0.0
2.1173920319122085E-26 0.0
1.8679386829270242E-26 0.0
1.5952654920794817E-26 0.0
1.3072992161724777E-26 0.0
1.0117089997139726E-26 0.0
7.157527182256546E-27 0.0
4.261443036406176E-27 0.0
1.4894345268434282E-27 0.0
-1.1053149311732724E-27 0.0
-3.477672906438106E-27 0.0
-5.5909650016446426E-27 0.0
-7.417159853748146E-27 0.0
-8.93684479999385E-27 0.0
-1.013900868649784E-26 0.0
-1.1020651399555986E-26 0.0
-1.1586242124687903E-26 0.0
-1.18470500816368E-26 0.0
-1.1820372557621368E-26 0.0
-1.1528685492719017E-26 0.0
-1.0998741699484283E-26 0.0
-1.0260641073559305E-26 0.0
-9.346895931619908E-27 0.0
-8.291512962758742E-27 0.0
-7.129111269321146E-27 0.0
-5.894093676069003E-27 0.0
-4.619885976089277E-27 0.0
-3.338256131032093E-27 0.0
-2.078722722624702E-27 0.0
-8.680592287366656E-28 0.0
2.701019676693273E-28 0.0
1.3155644788411632E-27 0.0
2.2517627510340668E-27 0.0
3.065860053263631E-27 0.0
3.7487547711174034E-27 0.0
4.29500184002394E-27 0.0
4.7026575495070624E-27 0.0
4.9730570548196245E-27 0.0
5.110534742231504E-27 0.0
5.122098113288486E-27 0.0
5.017066091964483E-27 0.0
4.806682632745767E-27 0.0
4.50371623802081E-27 0.0
4.122055504343235E-27 0.0
3.676310136904241E-27 0.0
3.1814260298267336E-27 0.0
2.6523220379791156E-27 0.0
2.1035549957647307E-27 0.0
1.549018401432834E-27 0.0
1.0016790126355908E-27 0.0
4.7335441945095395E-28 0.0
-2.5466497941406724E-29 0.0
-4.85759433678041E-28 0.0
-9.000570965718914E-28 0.0
-1.262499441961287E-27 0.0
-1.5688437716610544E-27 0.0
-1.8164375272680197E-27 0.0
-2.0041572299256385E-27 0.0
-2.1323175217243238E-27 0.0
-2.2025546384327368E-27 0.0
-2.2176888914647676E-27 0.0
-2.1815708628899614E-27 0.0
-2.0989160273530606E-27 0.0
-1.9751324175679624E-27 0.0
-1.8161457559493412E-27 0.0
-1.6282261956992582E-27 0.0
-1.4178204630629701E-27 0.0
-1.1913927819563618E-27 0.0
-9.552775065030856E-28 0.0
-7.155458999321053E-28 0.0
-4.778889931707518E-28 0.0
-2.475179461075572E-28 0.0
-2.908283082192247E-29 0.0
1.7338973004564766E-28 0.0
3.565400955317782E-28 0.0
5.177007583700161E-28 0.0
6.549039470257418E-28 0.0
7.668728412911759E-28 0.0
8.529978466507958E-28 0.0
9.132996002130026E-28 0.0
9.483805534827333E-28 0.0
9.59367094918152E-28 0.0
9.478442395844894E-28 0.0
9.15784926890538E-28 0.0
8.654759339166785E-28 0.0
7.9944233556120905E-28 0.0
7.203723286243479E-28 0.0
6.310440904723567E-28 0.0
5.3425616984974545E-28 0.0
4.327627136691296E-28 0.0
3.292146251550622E-28 0.0
2.261075313788974E-28 0.0
1.2573721758253968E-28 0.0
3.0162966985447453E-29 0.0
-5.882096720497498E-29 0.0
-1.3970573182762612E-28 0.0
-2.1128024635395576E-28 0.0
-2.7263590699531623E-28 0.0
-3.2316409951301057E-28 0.0
-3.6254712406819236E-28 0.0
-3.9074323837556254E-28 0.0
-4.079666045649189E-28 0.0
-4.146629805299586E-28 0.0
-4.114820287114369E-28 0.0
-3.99247125260882E-28 0.0
-3.7892354182235657E-28 0.0
-3.5158584257070527E-28 0.0
-3.1838529276129943E-28 0.0
-2.8051801420337504E-28 0.0
-2.3919455024134494E-28 0.0
-1.9561142057308968E-28 0.0
-1.5092515712675973E-28 0.0
-1.0622921879246702E-28 0.0
-6.25340875015209E-29 0.0
-2.0750753259553258E-29 0.0
1.8322296617159854E-29 0.0
5.400855674659907E-29 0.0
8.575950595195381E-29 0.0
1.1315726150329022E-28 0.0
1.3591408010069785E-28 0.0
1.5386895678726153E-28 0.0
1.6698161943056508E-28 0.0
1.753242526035401E-28 0.0
1.790713105921948E-28 0.0
1.7848779505736772E-28 0.0
1.7391637899145297E-28 0.0
1.6576375563785606E-28 0.0
1.5448657973931627E-28 0.0
1.4057734974015676E-28 0.0
1.2455055437641468E-28 0.0
1.06929376506513E-28 0.0
8.82332121646497E-29 0.0
6.896622477351664E-29 0.0
4.960711433339665E-29 0.0
3.060024027528336E-29 0.0
1.2348195532430533E-29 0.0
-4.794110822784875E-30 0.0
-2.052384347369402E-29 0.0
-3.4593120328814694E-29 0.0
-4.681043143491232E-29 0.0
-5.704067640439356E-29 0.0
-6.520392462146278E-29 0.0
-7.127302341281306E-29 0.0
-7.527019587004318E-29 0.0
-7.726278205598668E-29 0.0
-7.73582849826619E-29 0.0
-7.569888617562429E-29 0.0
-7.24555950824232E-29 0.0
-6.782219235735227E-29 0.0
-6.200911953530828E-29 0.0
-5.523745721482424E-29 0.0
-4.773312105762498E-29 0.0
-3.9721390152948317E-29 0.0
-3.142186607090218E-29 0.0
-2.304394371826434E-29 0.0
-1.4782857376282984E-29 0.0
-6.816347483627219E-30 0.0
6.980237625532424E-31 0.0
7.624896708161975E-30 0.0
1.3852482937722503E-29 0.0
1.9293297324772918E-29 0.0
2.3884285337990842E-29 0.0
2.758638873882617E-29 0.0
3.0383602211992134E-29 0.0
3.228158097313269E-29 0.0
3.3305864973602704E-29 0.0
3.349978899124694E-29 0.0
3.292214972052667E-29 0.0
3.164470105443825E-29 0.0
2.9749547215405633E-29 0.0
2.7326500400219616E-29 0.0
2.4470465333581592E-29 0.0
2.1278907769631737E-29 0.0
1.784945774450939E-29 0.0
1.427769147343651E-29 0.0
1.0655128410352671E-29 0.0
7.067472348832603E-30 0.0
3.593117732541731E-30 0.0
3.0193474143737917E-31 0.0
-2.745660610204808E-30 0.0
-5.499352041159034E-30 0.0
-7.919291285235338E-30 0.0
-9.976201865045751E-30 0.0
-1.165123613818879E-29 0.0
-1.293560761758785E-29 0.0
-1.3830023970604428E-29 0.0
-1.434394867159769E-29 0.0
-1.449472102512268E-29 0.0
-1.4306565215546723E-29 0.0
-1.3809519213480196E-29 0.0
-1.3038313834245806E-29 0.0
-1.2031231064743852E-29 0.0
-1.0828969028117589E-29 0.0
-9.473538723271407E-30 0.0
-8.00721504590883E-30 0.0
-6.47156165904556E-30 0.0
-4.906546123763832E-30 0.0
-3.3497584132562906E-30 0.0
-1.8357425991661056E-30 0.0
-3.954481977103932E-31 0.0
9.441955338120546E-31 0.0
2.160582087519077E-30 0.0
3.235609523379951E-30 0.0
4.155746689347398E-30 0.0
4.911991142444424E-30 0.0
5.4997279613334514E-30 0.0
5.9185001806409615E-30 0.0
6.171702757493121E-30 0.0
6.2662128020318355E-30 0.0
6.211969274876167E-30 0.0
6.021515491564696E-30 0.0
5.709517599285369E-30 0.0
5.292271732341267E-30 0.0
4.787211841797726E-30 0.0
4.212429266855213E-30 0.0
3.5862140081586615E-30 0.0
2.9266264151558664E-30 0.0
2.2511066496614972E-30 0.0
1.5761278742164804E-30 0.0
9.16897673429357E-31 0.0
2.8711078382927825E-31 0.0
-3.0124518537394943E-31 0.0
-8.380306833731117E-31 0.0
-1.315042675833651E-30 0.0
-1.7260526239501847E-30 0.0
-2.0667969671700252E-30 0.0
-2.3349239383385746E-30 0.0
-2.52990123522535E-30 0.0
-2.6528896124961156E-30 0.0
-2.7065878428048763E-30 0.0
-2.6950547279315446E-30 0.0
-2.623513927131996E-30 0.0
-2.4981473192578697E-30 0.0
-2.3258824392994347E-30 0.0
-2.1141792423130587E-30 0.0
-1.8708210632199823E-30 0.0
-1.6037141757548017E-30 0.0
-1.3206998245525808E-30 0.0
-1.0293820278258685E-30 0.0
-7.369738409167941E-31 0.0
-4.50164149261942E-31 0.0
-1.7500643813446852E-31 0.0
8.316962008155823E-32 0.0
3.1982349977925665E-31 0.0
5.3124635713975795E-31 0.0
7.1458153998492215E-31 0.0
8.678242849030297E-31 0.0
9.898021920206112E-31 0.0
1.0801383810512034E-30 0.0
1.1391994786695545E-30 0.0
1.1680307663562008E-30 0.0
1.1682809307084916E-30 0.0
1.1421189073108227E-30 0.0
1.0921452983406336E-30 0.0
1.0213007779702925E-30 0.0
9.327737840019128E-31 0.0
8.299096354212126E-31 0.0
7.16123020545501E-31 0.0
5.948155763342043E-31 0.0
4.6930003350463344E-31 0.0
3.4273214156687412E-31 0.0
2.1805131975653627E-31 0.0
9.793071073891757E-32 0.0
-1.5262949963796102E-32 0.0
-1.1949948904135005E-31 0.0
-2.1310555269725335E-31 0.0
-2.94775261610876E-31 0.0
-3.635717534402849E-31 0.0
-4.189202713374874E-31 0.0
-4.605935978359032E-31 0.0
-4.886907455799066E-31 0.0
-5.036098993550194E-31 0.0
-5.060166580856425E-31 0.0
-4.9680865186019935E-31 0.0
-4.770776091412843E-31 0.0
-4.480699251193372E-31 0.0
-4.111467360677959E-31 0.0
-3.677444392634728E-31 0.0
-3.193365164834794E-31 0.0
-2.673974243587831E-31 0.0
-2.1336921009724163E-31 0.0
-1.5863139941615078E-31 0.0
-1.0447458799422428E-31 0.0
-5.207805126896812E-32 0.0
-2.4915726717356987E-33 0.0
4.3378420131821306E-32 0.0
8.477842556699206E-32 0.0
1.211132554982686E-31 0.0
1.5194743615333973E-31 0.0
1.7700289427994867E-31 0.0
1.9615326344574287E-31 0.0
2.094151962655478E-31 0.0
2.1693710662861724E-31 0.0
2.189857917929784E-31 0.0
2.1593139788283493E-31 0.0
2.082311944819003E-31 0.0
1.9641261548765742E-31 0.0
1.8105600518449096E-31 0.0
1.6277748175517007E-31 0.0
1.4221229643344933E-31 0.0
1.1999902652784886E-31 0.0
9.67648959741768E-32 0.0
7.311246925899616E-32 0.0
4.960791482496646E-32 0.0
2.6770983691078654E-32 0.0
5.066799183561994E-33 0.0
-1.5100494538570167E-32 0.0
-3.3392223100246706E-32 0.0
-4.953785180268244E-32 0.0
-6.333591300394378E-32 0.0
-7.46533026154143E-32 0.0
-8.342308569270376E-32 0.0
-8.964097413102471E-32 0.0
-9.336065707156483E-32 0.0
-9.468817680289964E-32 0.0
-9.377554983721351E-32 0.0
-9.081383470110672E-32 0.0
-8.60258451461825E-32 0.0
-7.965870037665641E-32 0.0
-7.197639299562532E-32 0.0
-6.32525412227076E-32 0.0
-5.37634751006906E-32 0.0
-4.3781787472301336E-32 0.0
-3.3570460057940665E-32 0.0
-2.337765357836779E-32 0.0
-1.3432229097307076E-32 0.0
-3.940046128645049E-33 0.0
4.918937960602786E-33 0.0
1.2992762689253062E-32 0.0
2.0158767333161024E-32 0.0
2.6324132743976746E-32 0.0
3.1425707779455657E-32 0.0
3.542917869665279E-32 0.0
3.832765026310262E-32 0.0
4.0139715400013097E-32 0.0
4.0907095881928586E-32 0.0
4.0691940028919134E-32 0.0
3.957386453796596E-32 0.0
3.764682674994695E-32 0.0
3.501591091349198E-32 0.0
3.179410759217569E-32 0.0
2.809915949457939E-32 0.0
2.4050539930711523E-32 0.0
1.9766622064980312E-32 0.0
1.5362088399678756E-32 0.0
1.0945620734618047E-32 0.0
6.61790145010554E-33 0.0
2.4699475802186372E-33 0.0
-1.4182100081948866E-33 0.0
-4.978498748812823E-33 0.0
-8.155432389346221E-33 0.0
-1.0906406879788839E-32 0.0
-1.3201682720527167E-32 0.0
-1.502407802471075E-32 0.0
-1.6368401239275777E-32 0.0
-1.724065614827564E-32 0.0
-1.7657054444481844E-32 0.0
-1.7642872817806199E-32 0.0
-1.7231192210464312E-32 0.0
-1.6461556686239737E-32 0.0
-1.5378588328069443E-32 0.0
-1.4030592800988683E-32 0.0
-1.2468187793006582E-32 0.0
-1.0742983578753275E-32 0.0
-8.906341548124851E-33 0.0
-7.008232814611487E-33 0.0
-5.0962150744596036E-33 0.0
-3.2145418338145185E-33 0.0
-1.4034140565067832E-33 0.0
3.016196971968853E-34 0.0
1.8701123870413512E-33 0.0
3.27701818761815E-33 0.0
4.502847359752226E-33 0.0
5.533683818525455E-33 0.0
6.361075447739749E-33 0.0
6.981809320827749E-33 0.0
7.397585663157747E-33 0.0
7.614605625629482E-33 0.0
7.643088739995817E-33 0.0
7.496736307438867E-33 0.0
7.192156956881862E-33 0.0
6.748270228809921E-33 0.0
6.185703330426223E-33 0.0
5.526195209873238E-33 0.0
4.792020855474173E-33 0.0
4.005447287091229E-33 0.0
3.188231118255557E-33 0.0
2.3611658769651883E-33 0.0
1.5436855259531002E-33 0.0
7.535288635536339E-34 0.0
6.46775475242817E-36 0.0
-6.838995244294349E-34 0.0
-1.306290114698842E-33 0.0
-1.851815301717434E-33 0.0
-2.3139991671188247E-33 0.0
-2.6887413119213192E-33 0.0
-2.9742287497049944E-33 0.0
-3.1708028274185006E-33 0.0
-3.280787601977641E-33 0.0
-3.3082864825021324E-33 0.0
-3.258954146836676E-33 0.0
-3.139750766341149E-33 0.0
-2.9586854374376003E-33 0.0
-2.724555437367127E-33 0.0
-2.4466875124596473E-33 0.0
-2.1346868889451353E-33 0.0
-1.7981990889471776E-33 0.0
-1.4466889583007904E-33 0.0
-1.0892405887182613E-33 0.0
-7.343810646094479E-34 0.0
-3.899302036780012E-34 0.0
-6.287770814101153E-35 0.0
2.407115836264779E-34 0.0
5.157643425331971E-34 0.0
7.582379238855143E-34 0.0
9.651332772236E-34 0.0
1.134483297614701E-33 0.0
1.265318750094835E-33 0.0
1.357614243416031E-33 0.0
1.4122169915734908E-33 0.0
1.430761282079877E-33 0.0
1.4155716707703145E-33 0.0
1.3695579478462314E-33 0.0
1.2961048741099514E-33 0.0
1.1989595763164448E-33 0.0
1.082119323649369E-33 0.0
9.497221916151957E-34 0.0
8.059428637275816E-34 0.0
6.548955340650655E-34 0.0
5.005455640055396E-34 0.0
3.4663122288028403E-34 0.0
1.9659651330691968E-34 0.0
5.353575539921016E-35 0.0
-7.984971289453839E-35 0.0
-2.0128266297498687E-34 0.0
-3.0892915322889107E-34 0.0
-4.01406233047374E-34 0.0
-4.777788721476752E-34 0.0
-5.375470043593502E-34 0.0
-5.8062373071285E-34 0.0
-6.073058468963222E-34 0.0
-6.182379449063668E-34 0.0
-6.143713887940575E-34 0.0
-5.969194813064943E-34 0.0
-5.673101240889231E-34 0.0
-5.271372316236271E-34 0.0
-4.781120913565103E-34 0.0
-4.220157729506809E-34 0.0
-3.6065358198820092E-34 0.0
-2.9581243152538656E-34 0.0
-2.29221872535702E-34 0.0
-1.625193852333525E-34 0.0
-9.722039120874847E-35 0.0
-3.4693304663309674E-35 0.0
2.3860197026271722E-35 0.0
7.741963480914486E-35 0.0
1.2515499562999104E-34 0.0
1.6643099206852475E-34 0.0
2.0080659875203834E-34 0.0
2.28030235379566E-34 0.0
2.4803103640650574E-34 0.0
2.6090670236553434E-34 0.0
2.6690846736531813E-34 0.0
2.6642374178778852E-34 0.0
2.5995699919242382E-34 0.0
2.4810947280902544E-34 0.0
2.3155821087669176E-34 0.0
2.110350127811576E-34 0.0
1.8730573092301296E-34 0.0
1.6115037809096365E-34 0.0
1.3334442845667608E-34 0.0
1.0464164381236586E-34 0.0
7.575869698354671E-35 0.0
4.7361803058666663E-35 0.0
2.0055507691255206E-35 0.0
-5.626278357254051E-36 0.0
-2.9226966796018616E-35 0.0
-5.037172373433336E-35 0.0
-6.876971745898603E-35 0.0
-8.421429745952206E-35 0.0
-9.658125805743137E-35 0.0
-1.0582537159878277E-34 0.0
-1.1197540119029733E-34 0.0
-1.151278213318906E-34 0.0
-1.1543948661501935E-34 0.0
-1.1311949414766238E-34 0.0
-1.084204848906059E-34 0.0
-1.0162962311069782E-34 0.0
-9.305948222863867E-35 0.0
-8.303905008512171E-35 0.0
-7.190504774344183E-35 0.0
-5.999373409402559E-35 0.0
-4.763334444459617E-35 0.0
-3.5137285682517434E-35 0.0
-2.2798184176838106E-35 0.0
-1.0882856006054724E-35 0.0
3.7175703349187077E-37 0.0
1.0761667308307108E-35 0.0
2.011794241438281E-35 0.0
2.83078544364624E-35 0.0
3.52351238545147E-35 0.0
4.083932147074279E-35 0.0
4.509450593024422E-35 0.0
4.8007185775352754E-35 0.0
4.961370346647337E-35 0.0
4.997714444768462E-35 0.0
4.918387722262432E-35 0.0
4.7339830679827377E-35 0.0
4.4566612759419803E-35 0.0
4.0997570217596537E-35 0.0
3.6773882986055426E-35 0.0
3.2040778728302337E-35 0.0
2.6943943966322426E-35 0.0
2.1626197899447036E-35 0.0
1.622448407178764E-35 0.0
1.0867223667392179E-35 0.0
5.672062711660998E-36 0.0
7.440341027441453E-37 0.0
-3.825855566942576E-36 0.0
-7.961614793382283E-36 0.0
-1.1602841499816404E-35 0.0
-1.470490148950078E-35 0.0
-1.7238737101741653E-35 0.0
-1.919033852983309E-35 0.0
-2.0559915410866864E-35 0.0
-2.1360810207132524E-35 0.0
-2.1618197573109862E-35 0.0
-2.1367615374461674E-35 0.0
-2.0653373354142773E-35 0.0
-1.9526884705343483E-35 0.0
-1.8044964109058163E-35 0.0
-1.6268133237599012E-35 0.0
-1.4258971437134392E-35 0.0
-1.2080545412281852E-35 0.0
-9.794947377599292E-36 0.0
-7.461966448568973E-36 0.0
-5.1379131497801675E-36 0.0
-2.874611946487615E-36 0.0
-7.185717756995629E-37 0.0
1.2896602273503413E-36 0.0
3.1159611454666404E-36 0.0
4.73291438057069E-36 0.0
6.119918785756239E-36 0.0
7.26313552317322E-36 0.0
8.155286194884089E-36 0.0
8.795318123064594E-36 0.0
9.187954449259579E-36 0.0
9.34314798011311E-36 0.0
9.2754584414108E-36 0.0
9.00337303662338E-36 0.0
8.548589973177557E-36 0.0
7.935283960221441E-36 0.0
7.189371643045198E-36 0.0
6.337793573874173E-36 0.0
5.407827682186102E-36 0.0
4.426447357616854E-36 0.0
3.419735252952375E-36 0.0
2.4123618107962042E-36 0.0
1.4271353702649023E-36 0.0
4.846285713037418E-37 0.0
-3.971163083952044E-37 0.0
-1.2028024325738869E-36 0.0
-1.920015097858516E-36 0.0
-2.5392829135314766E-36 0.0
-3.054067832771424E-36 0.0
-3.4606896738873435E-36 0.0
-3.758191821032317E-36 0.0
-3.9481556137555175E-36 0.0
-4.034471522596691E-36 0.0
-4.023075568119476E-36 0.0
-3.9216595825020945E-36 0.0
-3.7393638494767244E-36 0.0
-3.4864604070640415E-36 0.0
-3.17403487817045E-36 0.0
-2.813674128961626E-36 0.0
-2.417166367856164E-36 0.0
-1.996219513795059E-36 0.0
-1.5622028062417036E-36 0.0
-1.1259157259749275E-36 0.0
-6.973873691537852E-37 0.0
-2.857084900547579E-37 0.0
1.011024787086629E-37 0.0
4.561989868549027E-37 0.0
7.739718775413284E-37 0.0
1.0500819595706669E-36 0.0
1.2814614109910992E-36 0.0
1.4662863538357899E-36 0.0
1.6039234130142847E-36 0.0
1.6948534460765057E-36 0.0
1.7405759038522434E-36 0.0
1.743497456292155E-36 0.0
1.7068085967913758E-36 0.0
1.634351927336295E-36 0.0
1.530485733065677E-36 0.0
1.3999462866975436E-36 0.0
1.2477120902015694E-36 0.0
1.0788729732989342E-36 0.0
8.985066365132121E-37 0.0
7.115648614264589E-37 0.0
5.227712232884728E-37 0.0
3.365317416456863E-37 0.0
1.5685950313528646E-37 0.0
-1.2686103743928748E-38 0.0
-1.6904528085800248E-37 0.0
-3.096889344983324E-37 0.0
-4.326354327574878E-37 0.0
-5.364537199715325E-37 0.0
-6.202537558880652E-37 0.0
-6.8366545994785055E-37 0.0
-7.268075109445111E-37 0.0
-7.502474787739036E-37 0.0
-7.54954848450207E-37 0.0
