1.7331053 0.0
12.9737 0.0
5.0776815 0.0
9.520756 0.0
15.393117 0.0
-1.111118 0.0
5.104488 0.0
5.6444936 0.0
14.721056 0.0
13.248444 0.0
5.3071184 0.0
8.381065 0.0
9.816123 0.0
13.43916 0.0
-0.44246528 0.0
11.447607 0.0
11.504545 0.0
1.6527566 0.0
6.9125867 0.0
13.088725 0.0
9.752697 0.0
0.06598368 0.0
13.947921 0.0
8.786997 0.0
-7.540646 0.0
11.811221 0.0
8.465766 0.0
11.507549 0.0
3.5753913 0.0
8.824827 0.0
15.302151 0.0
16.755331 0.0
9.325684 0.0
12.245785 0.0
7.4449925 0.0
13.876131 0.0
0.3025735 0.0
9.005192 0.0
10.818365 0.0
8.398613 0.0
7.387769 0.0
8.957557 0.0
-8.116844 0.0
11.2154 0.0
4.071024 0.0
5.3512635 0.0
8.232232 0.0
9.564096 0.0
11.736056 0.0
3.0166264 0.0
9.959582 0.0
9.800575 0.0
-1.119912 0.0
12.526112 0.0
4.1415896 0.0
8.953928 0.0
4.883482 0.0
12.532424 0.0
7.0078516 0.0
11.121137 0.0
9.347983 0.0
8.7159195 0.0
5.918367 0.0
14.00661 0.0
7.4307723 0.0
16.170416 0.0
10.168049 0.0
9.577021 0.0
7.476864 0.0
6.291382 0.0
5.578117 0.0
-2.3563616 0.0
4.9173765 0.0
11.975127 0.0
-8.78131 0.0
3.5983245 0.0
9.340582 0.0
7.8762817 0.0
1.9287312 0.0
13.6905 0.0
5.3977027 0.0
-7.0007825 0.0
6.7775626 0.0
11.663038 0.0
13.057257 0.0
11.642927 0.0
-5.2038474 0.0
12.242104 0.0
14.0515585 0.0
0.50191057 0.0
8.851835 0.0
0.5330843 0.0
-4.274963 0.0
7.924826 0.0
11.230426 0.0
9.69853 0.0
10.629425 0.0
14.469769 0.0
3.3385072 0.0
9.804637 0.0
4.3074193 0.0
10.922551 0.0
14.50964 0.0
11.236869 0.0
12.334911 0.0
-10.587528 0.0
7.7234135 0.0
10.486892 0.0
10.583814 0.0
7.591304 0.0
14.251365 0.0
5.6859946 0.0
8.252 0.0
0.13687257 0.0
6.8587728 0.0
8.0749235 0.0
14.16789 0.0
10.328973 0.0
-0.6080037 0.0
15.246088 0.0
10.220645 0.0
9.020887 0.0
11.533671 0.0
14.712631 0.0
8.105961 0.0
9.996039 0.0
10.04091 0.0
13.862734 0.0
0.26209974 0.0
11.196354 0.0
7.7995896 0.0
12.387198 0.0
7.6122127 0.0
7.89266 0.0
12.534196 0.0
8.325062 0.0
10.691978 0.0
14.9375515 0.0
-1.7381762 0.0
8.3260355 0.0
10.043908 0.0
2.0279663 0.0
-1.4972149 0.0
6.512186 0.0
6.0541043 0.0
8.153896 0.0
13.553959 0.0
5.7321353 0.0
10.655136 0.0
1.3346175 0.0
13.93407 0.0
11.230448 0.0
12.272666 0.0
8.352618 0.0
0.690138 0.0
0.9226497 0.0
11.400375 0.0
2.8681297 0.0
8.419086 0.0
-0.31659606 0.0
11.292696 0.0
11.064408 0.0
1.2500776 0.0
5.017822 0.0
11.8040285 0.0
11.14678 0.0
9.641445 0.0
2.7284582 0.0
7.313615 0.0
-0.3930387 0.0
2.3992772 0.0
11.098744 0.0
13.477964 0.0
9.077795 0.0
13.253191 0.0
-1.9610188 0.0
3.885417 0.0
10.068023 0.0
6.956129 0.0
9.351524 0.0
2.4238868 0.0
-2.8914359 0.0
7.3465447 0.0
13.241819 0.0
14.746576 0.0
6.6747746 0.0
1.8176216 0.0
9.018776 0.0
6.423402 0.0
1.3987978 0.0
-4.5350385 0.0
12.43835 0.0
13.458908 0.0
15.584495 0.0
15.230731 0.0
3.8168705 0.0
3.6436362 0.0
-3.0154364 0.0
16.789461 0.0
9.201649 0.0
-11.448277 0.0
9.209913 0.0
15.140083 0.0
-3.567164 0.0
5.75636 0.0
7.3952637 0.0
11.131346 0.0
-1.8657801 0.0
2.9660015 0.0
12.467777 0.0
11.268135 0.0
11.627292 0.0
5.635377 0.0
10.3378105 0.0
12.564972 0.0
13.958988 0.0
8.41477 0.0
4.8545074 0.0
12.867046 0.0
9.99578 0.0
3.269911 0.0
5.1880097 0.0
8.103264 0.0
-0.9001819 0.0
15.118136 0.0
11.621681 0.0
10.110994 0.0
12.832328 0.0
14.453027 0.0
20.23071 0.0
-4.1385264 0.0
-1.4201483 0.0
1.8897994 0.0
9.744842 0.0
0.9375511 0.0
1.331931 0.0
7.2074046 0.0
10.644177 0.0
0.8888861 0.0
4.6819854 0.0
4.9534287 0.0
12.993302 0.0
13.6226635 0.0
4.2302184 0.0
8.241671 0.0
5.293875 0.0
6.329796 0.0
15.443129 0.0
13.56933 0.0
4.4049177 0.0
3.8830757 0.0
15.336582 0.0
7.7786064 0.0
3.0994403 0.0
8.037755 0.0
8.119767 0.0
12.4081545 0.0
-9.142467 0.0
14.58135 0.0
11.077644 0.0
12.815224 0.0
11.880553 0.0
12.168796 0.0
8.094618 0.0
4.5332675 0.0
19.576338 0.0
10.911059 0.0
7.0988007 0.0
2.4071 0.0
14.939718 0.0
16.14168 0.0
12.442804 0.0
10.466854 0.0
8.947152 0.0
11.599748 0.0
14.353471 0.0
14.306281 0.0
-4.0478053 0.0
0.09062862 0.0
7.8266664 0.0
12.558241 0.0
12.966813 0.0
5.4702992 0.0
12.359135 0.0
15.542735 0.0
14.760938 0.0
16.18612 0.0
9.934211 0.0
14.1281595 0.0
2.244686 0.0
11.17157 0.0
2.4604347 0.0
7.0597 0.0
6.5324078 0.0
6.5698867 0.0
3.29831 0.0
12.240471 0.0
12.454137 0.0
11.200355 0.0
9.126257 0.0
11.009886 0.0
12.290206 0.0
8.865975 0.0
7.041455 0.0
5.913791 0.0
-0.1626721 0.0
9.110627 0.0
10.692273 0.0
17.49426 0.0
15.753556 0.0
11.130165 0.0
-8.000324 0.0
6.6138644 0.0
12.827744 0.0
10.892278 0.0
6.731862 0.0
9.046477 0.0
13.751576 0.0
4.1747355 0.0
11.0195875 0.0
15.582323 0.0
9.307436 0.0
10.840602 0.0
8.160158 0.0
9.554901 0.0
12.718504 0.0
1.674259 0.0
3.0461764 0.0
16.381102 0.0
10.35933 0.0
3.441954 0.0
11.936484 0.0
-7.8241525 0.0
11.677767 0.0
18.5311 0.0
12.742304 0.0
12.833246 0.0
13.294407 0.0
13.106363 0.0
8.712892 0.0
6.3214464 0.0
12.078016 0.0
6.055376 0.0
13.340602 0.0
15.778492 0.0
11.323907 0.0
12.211457 0.0
14.189224 0.0
12.774245 0.0
5.5653157 0.0
-3.1930602 0.0
5.9048886 0.0
12.844199 0.0
10.344792 0.0
8.261011 0.0
-2.0549366 0.0
2.2570913 0.0
10.331661 0.0
4.5790596 0.0
9.357356 0.0
10.557618 0.0
11.512941 0.0
15.76885 0.0
7.2938366 0.0
7.617987 0.0
13.346323 0.0
2.0990338 0.0
11.382058 0.0
7.836241 0.0
16.794916 0.0
5.345305 0.0
10.579273 0.0
2.1205964 0.0
2.8035245 0.0
9.135615 0.0
8.715273 0.0
7.5262527 0.0
10.949885 0.0
7.542478 0.0
3.2544708 0.0
13.9080305 0.0
2.6087968 0.0
11.398007 0.0
11.753054 0.0
9.665409 0.0
15.175233 0.0
11.8366375 0.0
14.952508 0.0
1.8747677 0.0
11.664616 0.0
10.543089 0.0
16.792528 0.0
2.9508986 0.0
9.599597 0.0
10.2156515 0.0
10.400514 0.0
7.8401423 0.0
14.781554 0.0
8.214517 0.0
16.598269 0.0
14.342781 0.0
-0.16689846 0.0
7.0094013 0.0
13.491414 0.0
6.9115105 0.0
2.3683991 0.0
13.835471 0.0
12.182365 0.0
6.764263 0.0
16.331793 0.0
11.90869 0.0
11.559474 0.0
6.4368877 0.0
13.74536 0.0
8.612328 0.0
9.51771 0.0
7.7769294 0.0
13.647144 0.0
8.531448 0.0
7.01575 0.0
1.4520248 0.0
6.984857 0.0
4.222347 0.0
12.04605 0.0
7.9690704 0.0
9.087233 0.0
12.182903 0.0
2.3642082 0.0
-0.24243063 0.0
-1.8746372 0.0
12.618901 0.0
11.541629 0.0
12.323864 0.0
14.761042 0.0
15.551229 0.0
14.96446 0.0
12.072034 0.0
11.859346 0.0
9.273116 0.0
10.59964 0.0
7.94717 0.0
-1.2789055 0.0
16.06462 0.0
4.7002616 0.0
14.39404 0.0
18.500563 0.0
3.3812203 0.0
16.43661 0.0
10.549894 0.0
7.889035 0.0
8.832376 0.0
5.7167335 0.0
11.993 0.0
13.320167 0.0
10.496966 0.0
8.590857 0.0
3.8415346 0.0
1.0191858 0.0
5.314499 0.0
12.814316 0.0
12.578788 0.0
12.768117 0.0
15.425919 0.0
15.186404 0.0
9.734671 0.0
10.9721365 0.0
2.8027086 0.0
14.891512 0.0
9.796486 0.0
11.05772 0.0
12.385667 0.0
7.5549307 0.0
11.771637 0.0
13.911789 0.0
18.64319 0.0
6.491513 0.0
13.261304 0.0
15.48493 0.0
5.117178 0.0
3.8258317 0.0
13.826465 0.0
10.368463 0.0
14.663673 0.0
14.486604 0.0
9.796747 0.0
12.58762 0.0
10.033877 0.0
5.219594 0.0
5.864955 0.0
12.375013 0.0
16.197046 0.0
17.8703 0.0
-0.415072 0.0
10.78692 0.0
16.314686 0.0
15.476965 0.0
22.86471 0.0
5.189553 0.0
7.0063357 0.0
13.38421 0.0
-0.49070868 0.0
15.290001 0.0
16.17043 0.0
0.9352856 0.0
16.040733 0.0
14.3554125 0.0
10.922781 0.0
16.110561 0.0
19.304916 0.0
6.2726483 0.0
9.433344 0.0
10.64592 0.0
8.713427 0.0
16.81933 0.0
5.677081 0.0
15.655536 0.0
5.0663166 0.0
12.024526 0.0
15.743788 0.0
12.33081 0.0
14.476788 0.0
1.3232398 0.0
12.817843 0.0
3.5757694 0.0
7.4973907 0.0
-6.3566985 0.0
3.6305716 0.0
17.427557 0.0
12.952516 0.0
9.995925 0.0
11.60043 0.0
3.0897965 0.0
14.924142 0.0
14.480257 0.0
9.385876 0.0
7.7918377 0.0
5.8627973 0.0
6.3976574 0.0
15.427405 0.0
-1.491436 0.0
7.1785808 0.0
8.327619 0.0
13.381159 0.0
12.445301 0.0
11.827753 0.0
15.432976 0.0
12.757513 0.0
17.493835 0.0
12.883774 0.0
13.981369 0.0
12.238026 0.0
2.6956038 0.0
6.776706 0.0
20.194159 0.0
14.027541 0.0
15.3458395 0.0
11.925221 0.0
13.278102 0.0
7.9320316 0.0
-4.2963963 0.0
6.4987874 0.0
13.143501 0.0
18.168135 0.0
12.0833235 0.0
11.335071 0.0
12.97235 0.0
9.959521 0.0
11.307207 0.0
9.512879 0.0
10.10222 0.0
12.482153 0.0
11.204296 0.0
17.404236 0.0
17.34249 0.0
13.18127 0.0
13.075609 0.0
11.791228 0.0
11.566193 0.0
2.6865833 0.0
7.959231 0.0
11.776213 0.0
8.400772 0.0
18.184221 0.0
-0.5627456 0.0
15.142815 0.0
15.0502405 0.0
17.532566 0.0
14.9580145 0.0
12.277564 0.0
5.194032 0.0
11.494958 0.0
8.194734 0.0
0.7374801 0.0
11.782182 0.0
11.025617 0.0
11.579337 0.0
10.17452 0.0
15.043011 0.0
3.0033078 0.0
12.561651 0.0
9.705113 0.0
16.903913 0.0
18.72765 0.0
15.922512 0.0
14.619496 0.0
2.9957614 0.0
2.6779306 0.0
15.201662 0.0
15.247243 0.0
2.6252353 0.0
6.5160747 0.0
15.201377 0.0
9.292595 0.0
11.793878 0.0
12.216496 0.0
14.507288 0.0
19.23738 0.0
14.739947 0.0
20.93225 0.0
20.40581 0.0
10.040339 0.0
5.6866274 0.0
6.4780655 0.0
18.023035 0.0
14.388174 0.0
6.387373 0.0
17.598997 0.0
15.624789 0.0
6.793085 0.0
16.02128 0.0
20.102726 0.0
5.867654 0.0
2.070804 0.0
12.957159 0.0
17.48944 0.0
12.480347 0.0
18.589825 0.0
9.921624 0.0
16.47576 0.0
17.272139 0.0
18.001265 0.0
3.8903744 0.0
19.999224 0.0
11.053541 0.0
8.646758 0.0
17.193285 0.0
2.3308349 0.0
17.96971 0.0
14.542656 0.0
15.969056 0.0
6.7689013 0.0
11.970395 0.0
11.368414 0.0
3.1487026 0.0
17.74672 0.0
16.07029 0.0
12.951664 0.0
16.515045 0.0
12.552802 0.0
16.194078 0.0
10.446904 0.0
15.720262 0.0
12.779664 0.0
18.51892 0.0
7.237225 0.0
18.293602 0.0
4.652221 0.0
11.906612 0.0
17.794485 0.0
16.323193 0.0
20.583525 0.0
13.84015 0.0
19.18997 0.0
9.423712 0.0
5.953036 0.0
5.7644906 0.0
18.307125 0.0
15.125048 0.0
5.1776314 0.0
12.010935 0.0
17.931583 0.0
24.059032 0.0
16.060106 0.0
15.57602 0.0
17.167952 0.0
20.858383 0.0
10.394459 0.0
16.472044 0.0
12.978035 0.0
16.902975 0.0
1.8328438 0.0
16.918839 0.0
6.494741 0.0
3.5887735 0.0
18.283377 0.0
14.48012 0.0
3.8548687 0.0
18.671497 0.0
3.860346 0.0
16.5123 0.0
14.429798 0.0
1.3589243 0.0
16.37685 0.0
16.372908 0.0
14.547049 0.0
20.250359 0.0
14.145787 0.0
18.865856 0.0
11.246441 0.0
12.835012 0.0
17.243067 0.0
16.288002 0.0
17.242447 0.0
18.900127 0.0
16.433117 0.0
21.117004 0.0
5.7146506 0.0
16.220625 0.0
19.749859 0.0
5.633389 0.0
18.964024 0.0
13.60451 0.0
12.680177 0.0
18.455338 0.0
11.427367 0.0
10.709383 0.0
16.206247 0.0
13.799597 0.0
19.53447 0.0
20.635534 0.0
16.076614 0.0
16.008816 0.0
20.64291 0.0
17.425365 0.0
2.7795448 0.0
18.529846 0.0
11.779156 0.0
7.950725 0.0
12.695244 0.0
12.597149 0.0
21.453487 0.0
9.050418 0.0
3.7639544 0.0
11.142268 0.0
19.249378 0.0
11.464132 0.0
19.862574 0.0
14.748977 0.0
6.8350334 0.0
14.0091095 0.0
8.202246 0.0
8.829856 0.0
15.816536 0.0
20.032743 0.0
20.130201 0.0
14.602551 0.0
18.15027 0.0
16.64078 0.0
9.248841 0.0
-20.760193 0.0
18.479084 0.0
6.937614 0.0
16.930897 0.0
20.127472 0.0
6.96783 0.0
16.22811 0.0
12.0592575 0.0
9.81948 0.0
10.887902 0.0
13.198461 0.0
18.5364 0.0
14.9942045 0.0
17.673977 0.0
14.447904 0.0
18.750607 0.0
8.947487 0.0
18.869776 0.0
21.987247 0.0
16.17352 0.0
-1.3888799 0.0
21.35276 0.0
17.211243 0.0
12.4975815 0.0
18.913507 0.0
16.580448 0.0
16.90591 0.0
12.97139 0.0
19.887566 0.0
20.122805 0.0
16.374907 0.0
23.362362 0.0
10.422274 0.0
21.150791 0.0
23.655405 0.0
15.644202 0.0
21.571083 0.0
18.057316 0.0
15.923588 0.0
14.693485 0.0
12.06968 0.0
19.920624 0.0
5.6962986 0.0
17.09584 0.0
6.530125 0.0
15.214047 0.0
18.891443 0.0
16.361347 0.0
13.752511 0.0
13.781302 0.0
7.8990664 0.0
14.829814 0.0
21.976305 0.0
13.709283 0.0
19.329449 0.0
13.902958 0.0
14.418171 0.0
26.415943 0.0
21.727032 0.0
17.083448 0.0
11.690967 0.0
21.877836 0.0
16.774235 0.0
18.698425 0.0
10.212748 0.0
21.119726 0.0
19.990625 0.0
23.842888 0.0
21.556652 0.0
17.408342 0.0
21.001398 0.0
24.6616 0.0
25.387207 0.0
21.85207 0.0
19.946623 0.0
15.494411 0.0
12.51783 0.0
14.701975 0.0
20.609676 0.0
20.037678 0.0
16.214464 0.0
26.55305 0.0
15.244439 0.0
22.855644 0.0
13.408357 0.0
15.484462 0.0
19.50716 0.0
16.379416 0.0
23.696877 0.0
23.973228 0.0
25.006256 0.0
-2.1491325 0.0
17.904165 0.0
19.57144 0.0
25.164396 0.0
23.586853 0.0
24.74058 0.0
13.482327 0.0
16.36003 0.0
18.330452 0.0
27.377462 0.0
26.954205 0.0
21.357492 0.0
21.342722 0.0
13.306164 0.0
21.07251 0.0
24.801819 0.0
19.741774 0.0
21.15325 0.0
22.749914 0.0
16.211033 0.0
24.50327 0.0
27.41554 0.0
22.191061 0.0
20.10524 0.0
17.018312 0.0
23.021341 0.0
17.309542 0.0
28.745403 0.0
20.152363 0.0
19.23392 0.0
23.070538 0.0
8.108395 0.0
20.733679 0.0
20.595758 0.0
23.75585 0.0
25.736774 0.0
25.42505 0.0
14.221543 0.0
19.786085 0.0
15.314844 0.0
23.422333 0.0
26.22683 0.0
11.997358 0.0
23.668816 0.0
17.144472 0.0
21.673096 0.0
18.677423 0.0
20.332355 0.0
22.690062 0.0
21.88176 0.0
18.27164 0.0
16.741442 0.0
24.265873 0.0
22.850702 0.0
24.666367 0.0
23.66512 0.0
26.983995 0.0
23.371838 0.0
22.858027 0.0
24.108694 0.0
15.145259 0.0
17.77335 0.0
11.3633585 0.0
8.456599 0.0
14.637588 0.0
22.883638 0.0
23.21144 0.0
28.812885 0.0
23.216038 0.0
14.925641 0.0
26.682022 0.0
19.089691 0.0
18.367992 0.0
22.543896 0.0
23.359161 0.0
19.741877 0.0
22.453783 0.0
21.783056 0.0
14.006195 0.0
18.967329 0.0
17.731258 0.0
14.816444 0.0
-3.5769908 0.0
23.134748 0.0
25.256601 0.0
14.6670685 0.0
19.041674 0.0
30.340408 0.0
28.740213 0.0
29.669485 0.0
29.247875 0.0
22.969887 0.0
15.160661 0.0
19.077755 0.0
23.226442 0.0
21.96652 0.0
26.079718 0.0
26.694426 0.0
22.27801 0.0
28.366507 0.0
23.727312 0.0
30.15554 0.0
18.913895 0.0
16.191671 0.0
24.549706 0.0
28.244946 0.0
23.513716 0.0
18.848303 0.0
23.752655 0.0
29.06347 0.0
53.694912 0.0
27.882708 0.0
27.729239 0.0
21.688553 0.0
30.807917 0.0
27.998064 0.0
25.492514 0.0
16.098135 0.0
24.356728 0.0
21.999577 0.0
23.578697 0.0
26.803314 0.0
27.838856 0.0
25.323692 0.0
22.828426 0.0
22.190834 0.0
21.514454 0.0
22.803415 0.0
29.010864 0.0
31.725475 0.0
27.011557 0.0
33.35028 0.0
31.554785 0.0
23.951548 0.0
26.653055 0.0
29.278181 0.0
24.992273 0.0
28.790094 0.0
19.187445 0.0
31.422743 0.0
27.78787 0.0
29.427162 0.0
23.870579 0.0
28.26707 0.0
25.279917 0.0
23.569403 0.0
16.947056 0.0
25.702143 0.0
27.836405 0.0
25.95626 0.0
15.188409 0.0
15.565474 0.0
30.81281 0.0
25.551403 0.0
25.911156 0.0
28.561714 0.0
33.317677 0.0
29.305908 0.0
20.034025 0.0
23.507193 0.0
27.988554 0.0
25.045149 0.0
31.449669 0.0
30.062038 0.0
13.365347 0.0
25.059906 0.0
26.406727 0.0
22.507334 0.0
28.210016 0.0
19.08003 0.0
30.830385 0.0
20.172062 0.0
31.527369 0.0
26.20001 0.0
24.381071 0.0
26.20001 0.0
31.527369 0.0
20.172062 0.0
30.830385 0.0
19.08003 0.0
28.210016 0.0
22.507334 0.0
26.406727 0.0
25.059906 0.0
13.365347 0.0
30.062038 0.0
31.449669 0.0
25.045149 0.0
27.988554 0.0
23.507193 0.0
20.034025 0.0
29.305908 0.0
33.317677 0.0
28.561714 0.0
25.911156 0.0
25.551403 0.0
30.81281 0.0
15.565474 0.0
15.188409 0.0
25.95626 0.0
27.836405 0.0
25.702143 0.0
16.947056 0.0
23.569403 0.0
25.279917 0.0
28.26707 0.0
23.870579 0.0
29.427162 0.0
27.78787 0.0
31.422743 0.0
19.187445 0.0
28.790094 0.0
24.992273 0.0
29.278181 0.0
26.653055 0.0
23.951548 0.0
31.554785 0.0
33.35028 0.0
27.011557 0.0
31.725475 0.0
29.010864 0.0
22.803415 0.0
21.514454 0.0
22.190834 0.0
22.828426 0.0
25.323692 0.0
27.838856 0.0
26.803314 0.0
23.578697 0.0
21.999577 0.0
24.356728 0.0
16.098135 0.0
25.492514 0.0
27.998064 0.0
30.807917 0.0
21.688553 0.0
27.729239 0.0
27.882708 0.0
53.694912 0.0
29.06347 0.0
23.752655 0.0
18.848303 0.0
23.513716 0.0
28.244946 0.0
24.549706 0.0
16.191671 0.0
18.913895 0.0
30.15554 0.0
23.727312 0.0
28.366507 0.0
22.27801 0.0
26.694426 0.0
26.079718 0.0
21.96652 0.0
23.226442 0.0
19.077755 0.0
15.160661 0.0
22.969887 0.0
29.247875 0.0
29.669485 0.0
28.740213 0.0
30.340408 0.0
19.041674 0.0
14.6670685 0.0
25.256601 0.0
23.134748 0.0
-3.5769908 0.0
14.816444 0.0
17.731258 0.0
18.967329 0.0
14.006195 0.0
21.783056 0.0
22.453783 0.0
19.741877 0.0
23.359161 0.0
22.543896 0.0
18.367992 0.0
19.089691 0.0
26.682022 0.0
14.925641 0.0
23.216038 0.0
28.812885 0.0
23.21144 0.0
22.883638 0.0
14.637588 0.0
8.456599 0.0
11.3633585 0.0
17.77335 0.0
15.145259 0.0
24.108694 0.0
22.858027 0.0
23.371838 0.0
26.983995 0.0
23.66512 0.0
24.666367 0.0
22.850702 0.0
24.265873 0.0
16.741442 0.0
18.27164 0.0
21.88176 0.0
22.690062 0.0
20.332355 0.0
18.677423 0.0
21.673096 0.0
17.144472 0.0
23.668816 0.0
11.997358 0.0
26.22683 0.0
23.422333 0.0
15.314844 0.0
19.786085 0.0
14.221543 0.0
25.42505 0.0
25.736774 0.0
23.75585 0.0
20.595758 0.0
20.733679 0.0
8.108395 0.0
23.070538 0.0
19.23392 0.0
20.152363 0.0
28.745403 0.0
17.309542 0.0
23.021341 0.0
17.018312 0.0
20.10524 0.0
22.191061 0.0
27.41554 0.0
24.50327 0.0
16.211033 0.0
22.749914 0.0
21.15325 0.0
19.741774 0.0
24.801819 0.0
21.07251 0.0
13.306164 0.0
21.342722 0.0
21.357492 0.0
26.954205 0.0
27.377462 0.0
18.330452 0.0
16.36003 0.0
13.482327 0.0
24.74058 0.0
23.586853 0.0
25.164396 0.0
19.57144 0.0
17.904165 0.0
-2.1491325 0.0
25.006256 0.0
23.973228 0.0
23.696877 0.0
16.379416 0.0
19.50716 0.0
15.484462 0.0
13.408357 0.0
22.855644 0.0
15.244439 0.0
26.55305 0.0
16.214464 0.0
20.037678 0.0
20.609676 0.0
14.701975 0.0
12.51783 0.0
15.494411 0.0
19.946623 0.0
21.85207 0.0
25.387207 0.0
24.6616 0.0
21.001398 0.0
17.408342 0.0
21.556652 0.0
23.842888 0.0
19.990625 0.0
21.119726 0.0
10.212748 0.0
18.698425 0.0
16.774235 0.0
21.877836 0.0
11.690967 0.0
17.083448 0.0
21.727032 0.0
26.415943 0.0
14.418171 0.0
13.902958 0.0
19.329449 0.0
13.709283 0.0
21.976305 0.0
14.829814 0.0
7.8990664 0.0
13.781302 0.0
13.752511 0.0
16.361347 0.0
18.891443 0.0
15.214047 0.0
6.530125 0.0
17.09584 0.0
5.6962986 0.0
19.920624 0.0
12.06968 0.0
14.693485 0.0
15.923588 0.0
18.057316 0.0
21.571083 0.0
15.644202 0.0
23.655405 0.0
21.150791 0.0
10.422274 0.0
23.362362 0.0
16.374907 0.0
20.122805 0.0
19.887566 0.0
12.97139 0.0
16.90591 0.0
16.580448 0.0
18.913507 0.0
12.4975815 0.0
17.211243 0.0
21.35276 0.0
-1.3888799 0.0
16.17352 0.0
21.987247 0.0
18.869776 0.0
8.947487 0.0
18.750607 0.0
14.447904 0.0
17.673977 0.0
14.9942045 0.0
18.5364 0.0
13.198461 0.0
10.887902 0.0
9.81948 0.0
12.0592575 0.0
16.22811 0.0
6.96783 0.0
20.127472 0.0
16.930897 0.0
6.937614 0.0
18.479084 0.0
-20.760193 0.0
9.248841 0.0
16.64078 0.0
18.15027 0.0
14.602551 0.0
20.130201 0.0
20.032743 0.0
15.816536 0.0
8.829856 0.0
8.202246 0.0
14.0091095 0.0
6.8350334 0.0
14.748977 0.0
19.862574 0.0
11.464132 0.0
19.249378 0.0
11.142268 0.0
3.7639544 0.0
9.050418 0.0
21.453487 0.0
12.597149 0.0
12.695244 0.0
7.950725 0.0
11.779156 0.0
18.529846 0.0
2.7795448 0.0
17.425365 0.0
20.64291 0.0
16.008816 0.0
16.076614 0.0
20.635534 0.0
19.53447 0.0
13.799597 0.0
16.206247 0.0
10.709383 0.0
11.427367 0.0
18.455338 0.0
12.680177 0.0
13.60451 0.0
18.964024 0.0
5.633389 0.0
19.749859 0.0
16.220625 0.0
5.7146506 0.0
21.117004 0.0
16.433117 0.0
18.900127 0.0
17.242447 0.0
16.288002 0.0
17.243067 0.0
12.835012 0.0
11.246441 0.0
18.865856 0.0
14.145787 0.0
20.250359 0.0
14.547049 0.0
16.372908 0.0
16.37685 0.0
1.3589243 0.0
14.429798 0.0
16.5123 0.0
3.860346 0.0
18.671497 0.0
3.8548687 0.0
14.48012 0.0
18.283377 0.0
3.5887735 0.0
6.494741 0.0
16.918839 0.0
1.8328438 0.0
16.902975 0.0
12.978035 0.0
16.472044 0.0
10.394459 0.0
20.858383 0.0
17.167952 0.0
15.57602 0.0
16.060106 0.0
24.059032 0.0
17.931583 0.0
12.010935 0.0
5.1776314 0.0
15.125048 0.0
18.307125 0.0
5.7644906 0.0
5.953036 0.0
9.423712 0.0
19.18997 0.0
13.84015 0.0
20.583525 0.0
16.323193 0.0
17.794485 0.0
11.906612 0.0
4.652221 0.0
18.293602 0.0
7.237225 0.0
18.51892 0.0
12.779664 0.0
15.720262 0.0
10.446904 0.0
16.194078 0.0
12.552802 0.0
16.515045 0.0
12.951664 0.0
16.07029 0.0
17.74672 0.0
3.1487026 0.0
11.368414 0.0
11.970395 0.0
6.7689013 0.0
15.969056 0.0
14.542656 0.0
17.96971 0.0
2.3308349 0.0
17.193285 0.0
8.646758 0.0
11.053541 0.0
19.999224 0.0
3.8903744 0.0
18.001265 0.0
17.272139 0.0
16.47576 0.0
9.921624 0.0
18.589825 0.0
12.480347 0.0
17.48944 0.0
12.957159 0.0
2.070804 0.0
5.867654 0.0
20.102726 0.0
16.02128 0.0
6.793085 0.0
15.624789 0.0
17.598997 0.0
6.387373 0.0
14.388174 0.0
18.023035 0.0
6.4780655 0.0
5.6866274 0.0
10.040339 0.0
20.40581 0.0
20.93225 0.0
14.739947 0.0
19.23738 0.0
14.507288 0.0
12.216496 0.0
11.793878 0.0
9.292595 0.0
15.201377 0.0
6.5160747 0.0
2.6252353 0.0
15.247243 0.0
15.201662 0.0
2.6779306 0.0
2.9957614 0.0
14.619496 0.0
15.922512 0.0
18.72765 0.0
16.903913 0.0
9.705113 0.0
12.561651 0.0
3.0033078 0.0
15.043011 0.0
10.17452 0.0
11.579337 0.0
11.025617 0.0
11.782182 0.0
0.7374801 0.0
8.194734 0.0
11.494958 0.0
5.194032 0.0
12.277564 0.0
14.9580145 0.0
17.532566 0.0
15.0502405 0.0
15.142815 0.0
-0.5627456 0.0
18.184221 0.0
8.400772 0.0
11.776213 0.0
7.959231 0.0
2.6865833 0.0
11.566193 0.0
11.791228 0.0
13.075609 0.0
13.18127 0.0
17.34249 0.0
17.404236 0.0
11.204296 0.0
12.482153 0.0
10.10222 0.0
9.512879 0.0
11.307207 0.0
9.959521 0.0
12.97235 0.0
11.335071 0.0
12.0833235 0.0
18.168135 0.0
13.143501 0.0
6.4987874 0.0
-4.2963963 0.0
7.9320316 0.0
13.278102 0.0
11.925221 0.0
15.3458395 0.0
14.027541 0.0
20.194159 0.0
6.776706 0.0
2.6956038 0.0
12.238026 0.0
13.981369 0.0
12.883774 0.0
17.493835 0.0
12.757513 0.0
15.432976 0.0
11.827753 0.0
12.445301 0.0
13.381159 0.0
8.327619 0.0
7.1785808 0.0
-1.491436 0.0
15.427405 0.0
6.3976574 0.0
5.8627973 0.0
7.7918377 0.0
9.385876 0.0
14.480257 0.0
14.924142 0.0
3.0897965 0.0
11.60043 0.0
9.995925 0.0
12.952516 0.0
17.427557 0.0
3.6305716 0.0
-6.3566985 0.0
7.4973907 0.0
3.5757694 0.0
12.817843 0.0
1.3232398 0.0
14.476788 0.0
12.33081 0.0
15.743788 0.0
12.024526 0.0
5.0663166 0.0
15.655536 0.0
5.677081 0.0
16.81933 0.0
8.713427 0.0
10.64592 0.0
9.433344 0.0
6.2726483 0.0
19.304916 0.0
16.110561 0.0
10.922781 0.0
14.3554125 0.0
16.040733 0.0
0.9352856 0.0
16.17043 0.0
15.290001 0.0
-0.49070868 0.0
13.38421 0.0
7.0063357 0.0
5.189553 0.0
22.86471 0.0
15.476965 0.0
16.314686 0.0
10.78692 0.0
-0.415072 0.0
17.8703 0.0
16.197046 0.0
12.375013 0.0
5.864955 0.0
5.219594 0.0
10.033877 0.0
12.58762 0.0
9.796747 0.0
14.486604 0.0
14.663673 0.0
10.368463 0.0
13.826465 0.0
3.8258317 0.0
5.117178 0.0
15.48493 0.0
13.261304 0.0
6.491513 0.0
18.64319 0.0
13.911789 0.0
11.771637 0.0
7.5549307 0.0
12.385667 0.0
11.05772 0.0
9.796486 0.0
14.891512 0.0
2.8027086 0.0
10.9721365 0.0
9.734671 0.0
15.186404 0.0
15.425919 0.0
12.768117 0.0
12.578788 0.0
12.814316 0.0
5.314499 0.0
1.0191858 0.0
3.8415346 0.0
8.590857 0.0
10.496966 0.0
13.320167 0.0
11.993 0.0
5.7167335 0.0
8.832376 0.0
7.889035 0.0
10.549894 0.0
16.43661 0.0
3.3812203 0.0
18.500563 0.0
14.39404 0.0
4.7002616 0.0
16.06462 0.0
-1.2789055 0.0
7.94717 0.0
10.59964 0.0
9.273116 0.0
11.859346 0.0
12.072034 0.0
14.96446 0.0
15.551229 0.0
14.761042 0.0
12.323864 0.0
11.541629 0.0
12.618901 0.0
-1.8746372 0.0
-0.24243063 0.0
2.3642082 0.0
12.182903 0.0
9.087233 0.0
7.9690704 0.0
12.04605 0.0
4.222347 0.0
6.984857 0.0
1.4520248 0.0
7.01575 0.0
8.531448 0.0
13.647144 0.0
7.7769294 0.0
9.51771 0.0
8.612328 0.0
13.74536 0.0
6.4368877 0.0
11.559474 0.0
11.90869 0.0
16.331793 0.0
6.764263 0.0
12.182365 0.0
13.835471 0.0
2.3683991 0.0
6.9115105 0.0
13.491414 0.0
7.0094013 0.0
-0.16689846 0.0
14.342781 0.0
16.598269 0.0
8.214517 0.0
14.781554 0.0
7.8401423 0.0
10.400514 0.0
10.2156515 0.0
9.599597 0.0
2.9508986 0.0
16.792528 0.0
10.543089 0.0
11.664616 0.0
1.8747677 0.0
14.952508 0.0
11.8366375 0.0
15.175233 0.0
9.665409 0.0
11.753054 0.0
11.398007 0.0
2.6087968 0.0
13.9080305 0.0
3.2544708 0.0
7.542478 0.0
10.949885 0.0
7.5262527 0.0
8.715273 0.0
9.135615 0.0
2.8035245 0.0
2.1205964 0.0
10.579273 0.0
5.345305 0.0
16.794916 0.0
7.836241 0.0
11.382058 0.0
2.0990338 0.0
13.346323 0.0
7.617987 0.0
7.2938366 0.0
15.76885 0.0
11.512941 0.0
10.557618 0.0
9.357356 0.0
4.5790596 0.0
10.331661 0.0
2.2570913 0.0
-2.0549366 0.0
8.261011 0.0
10.344792 0.0
12.844199 0.0
5.9048886 0.0
-3.1930602 0.0
5.5653157 0.0
12.774245 0.0
14.189224 0.0
12.211457 0.0
11.323907 0.0
15.778492 0.0
13.340602 0.0
6.055376 0.0
12.078016 0.0
6.3214464 0.0
8.712892 0.0
13.106363 0.0
13.294407 0.0
12.833246 0.0
12.742304 0.0
18.5311 0.0
11.677767 0.0
-7.8241525 0.0
11.936484 0.0
3.441954 0.0
10.35933 0.0
16.381102 0.0
3.0461764 0.0
1.674259 0.0
12.718504 0.0
9.554901 0.0
8.160158 0.0
10.840602 0.0
9.307436 0.0
15.582323 0.0
11.0195875 0.0
4.1747355 0.0
13.751576 0.0
9.046477 0.0
6.731862 0.0
10.892278 0.0
12.827744 0.0
6.6138644 0.0
-8.000324 0.0
11.130165 0.0
15.753556 0.0
17.49426 0.0
10.692273 0.0
9.110627 0.0
-0.1626721 0.0
5.913791 0.0
7.041455 0.0
8.865975 0.0
12.290206 0.0
11.009886 0.0
9.126257 0.0
11.200355 0.0
12.454137 0.0
12.240471 0.0
3.29831 0.0
6.5698867 0.0
6.5324078 0.0
7.0597 0.0
2.4604347 0.0
11.17157 0.0
2.244686 0.0
14.1281595 0.0
9.934211 0.0
16.18612 0.0
14.760938 0.0
15.542735 0.0
12.359135 0.0
5.4702992 0.0
12.966813 0.0
12.558241 0.0
7.8266664 0.0
0.09062862 0.0
-4.0478053 0.0
14.306281 0.0
14.353471 0.0
11.599748 0.0
8.947152 0.0
10.466854 0.0
12.442804 0.0
16.14168 0.0
14.939718 0.0
2.4071 0.0
7.0988007 0.0
10.911059 0.0
19.576338 0.0
4.5332675 0.0
8.094618 0.0
12.168796 0.0
11.880553 0.0
12.815224 0.0
11.077644 0.0
14.58135 0.0
-9.142467 0.0
12.4081545 0.0
8.119767 0.0
8.037755 0.0
3.0994403 0.0
7.7786064 0.0
15.336582 0.0
3.8830757 0.0
4.4049177 0.0
13.56933 0.0
15.443129 0.0
6.329796 0.0
5.293875 0.0
8.241671 0.0
4.2302184 0.0
13.6226635 0.0
12.993302 0.0
4.9534287 0.0
4.6819854 0.0
0.8888861 0.0
10.644177 0.0
7.2074046 0.0
1.331931 0.0
0.9375511 0.0
9.744842 0.0
1.8897994 0.0
-1.4201483 0.0
-4.1385264 0.0
20.23071 0.0
14.453027 0.0
12.832328 0.0
10.110994 0.0
11.621681 0.0
15.118136 0.0
-0.9001819 0.0
8.103264 0.0
5.1880097 0.0
3.269911 0.0
9.99578 0.0
12.867046 0.0
4.8545074 0.0
8.41477 0.0
13.958988 0.0
12.564972 0.0
10.3378105 0.0
5.635377 0.0
11.627292 0.0
11.268135 0.0
12.467777 0.0
2.9660015 0.0
-1.8657801 0.0
11.131346 0.0
7.3952627 0.0
5.75636 0.0
-3.567164 0.0
15.140083 0.0
9.209913 0.0
-11.448277 0.0
9.201649 0.0
16.789461 0.0
-3.0154364 0.0
3.6436362 0.0
3.8168705 0.0
15.230731 0.0
15.584495 0.0
13.458908 0.0
12.43835 0.0
-4.5350385 0.0
1.3987978 0.0
6.423402 0.0
9.018776 0.0
1.8176216 0.0
6.6747746 0.0
14.746576 0.0
13.241819 0.0
7.3465447 0.0
-2.8914359 0.0
2.4238868 0.0
9.351524 0.0
6.956129 0.0
10.068023 0.0
3.885417 0.0
-1.9610188 0.0
13.253191 0.0
9.077795 0.0
13.477964 0.0
11.098744 0.0
2.3992772 0.0
-0.3930387 0.0
7.313615 0.0
2.7284582 0.0
9.641445 0.0
11.14678 0.0
11.8040285 0.0
5.017822 0.0
1.2500776 0.0
11.064408 0.0
11.292696 0.0
-0.31659606 0.0
8.419086 0.0
2.8681297 0.0
11.400375 0.0
0.9226497 0.0
0.690138 0.0
8.352618 0.0
12.272666 0.0
11.230448 0.0
13.93407 0.0
1.3346175 0.0
10.655136 0.0
5.7321353 0.0
13.553959 0.0
8.153896 0.0
6.0541043 0.0
6.512186 0.0
-1.4972149 0.0
2.0279663 0.0
10.043908 0.0
8.3260355 0.0
-1.7381762 0.0
14.9375515 0.0
10.691978 0.0
8.325062 0.0
12.534196 0.0
7.89266 0.0
7.6122127 0.0
12.387198 0.0
7.7995896 0.0
11.196354 0.0
0.26209974 0.0
13.862734 0.0
10.04091 0.0
9.996039 0.0
8.105961 0.0
14.712631 0.0
11.533671 0.0
9.020887 0.0
10.220645 0.0
15.246088 0.0
-0.6080037 0.0
10.328973 0.0
14.16789 0.0
8.0749235 0.0
6.8587728 0.0
0.13687257 0.0
8.252 0.0
5.6859946 0.0
14.251365 0.0
7.591304 0.0
10.583814 0.0
10.486892 0.0
7.7234135 0.0
-10.587528 0.0
12.334911 0.0
11.236869 0.0
14.50964 0.0
10.922551 0.0
4.3074193 0.0
9.804637 0.0
3.3385072 0.0
14.469769 0.0
10.629425 0.0
9.69853 0.0
11.230426 0.0
7.924826 0.0
-4.274963 0.0
0.5330843 0.0
8.851835 0.0
0.50191057 0.0
14.0515585 0.0
12.242104 0.0
-5.2038474 0.0
11.642927 0.0
13.057257 0.0
11.663038 0.0
6.7775626 0.0
-7.0007825 0.0
5.3977027 0.0
13.6905 0.0
1.9287312 0.0
7.8762817 0.0
9.340582 0.0
3.5983245 0.0
-8.78131 0.0
11.975127 0.0
4.9173765 0.0
-2.3563616 0.0
5.578117 0.0
6.291382 0.0
7.476864 0.0
9.577021 0.0
10.168049 0.0
16.170416 0.0
7.4307723 0.0
14.00661 0.0
5.918367 0.0
8.7159195 0.0
9.347983 0.0
11.121137 0.0
7.0078516 0.0
12.532424 0.0
4.883482 0.0
8.953928 0.0
4.1415896 0.0
12.526112 0.0
-1.119912 0.0
9.800575 0.0
9.959582 0.0
3.0166264 0.0
11.736056 0.0
9.564096 0.0
8.232232 0.0
5.3512635 0.0
4.071024 0.0
11.2154 0.0
-8.116844 0.0
8.957557 0.0
7.387769 0.0
8.398613 0.0
10.818365 0.0
9.005192 0.0
0.3025735 0.0
13.876131 0.0
7.4449925 0.0
12.245785 0.0
9.325684 0.0
16.755331 0.0
15.302151 0.0
8.824827 0.0
3.5753913 0.0
11.507549 0.0
8.465766 0.0
11.811221 0.0
-7.540646 0.0
8.786997 0.0
13.947921 0.0
0.06598368 0.0
9.752697 0.0
13.088725 0.0
6.9125867 0.0
1.6527566 0.0
11.504545 0.0
11.447607 0.0
-0.44246528 0.0
13.43916 0.0
9.816123 0.0
8.381065 0.0
5.3071184 0.0
13.248444 0.0
14.721056 0.0
5.6444936 0.0
5.104488 0.0
-1.111118 0.0
15.393117 0.0
9.520756 0.0
5.077683 0.0
12.9737 0.0
